desc: I1 cache:         65536 B, 64 B, 2-way associative
desc: D1 cache:         65536 B, 64 B, 2-way associative
desc: LL cache:         6291456 B, 64 B, 48-way associative
cmd: ./matriz
events: Ir I1mr ILmr Dr D1mr DLmr Dw D1mw DLmw 
fl=/build/glibc-GKVZIf/glibc-2.23/csu/../csu/init-first.c
fn=_init
52 8 1 1 0 0 0 4 0 0
58 4 1 1 1 0 0 1 1 1
65 5 1 1 4 0 0 0 0 0
70 1 0 0 0 0 0 1 1 1
71 1 0 0 0 0 0 1 0 0
72 2 0 0 1 0 0 1 1 1
86 4 0 0 0 0 0 1 0 0
94 1 0 0 0 0 0 1 0 0
99 6 0 0 5 0 0 0 0 0
fl=/build/glibc-GKVZIf/glibc-2.23/csu/../csu/libc-start.c
fn=(below main)
134 10 1 1 0 0 0 8 0 0
138 7 1 1 1 0 0 1 0 0
220 2 1 1 0 0 0 0 0 0
221 4 0 0 0 0 0 1 0 0
243 4 0 0 2 0 0 0 0 0
246 2 0 0 0 0 0 0 0 0
247 5 0 0 4 0 0 1 0 0
251 4 1 1 2 0 0 0 0 0
266 2 0 0 0 0 0 0 0 0
278 2 0 0 0 0 0 1 0 0
279 2 0 0 0 0 0 0 0 0
284 2 0 0 1 1 0 1 0 0
285 2 0 0 1 1 0 1 0 0
288 2 0 0 0 0 0 1 0 0
291 6 0 0 5 0 0 1 0 0
325 2 0 0 0 0 0 1 0 0
fl=/build/glibc-GKVZIf/glibc-2.23/csu/../sysdeps/generic/dl-hash.h
fn=_init
45 12 0 0 4 0 0 0 0 0
48 12 0 0 0 0 0 0 0 0
62 16 0 0 0 0 0 0 0 0
fl=/build/glibc-GKVZIf/glibc-2.23/csu/../sysdeps/unix/sysv/linux/x86_64/init-first.c
fn=_init
36 11 2 2 0 0 0 4 0 0
38 4 0 0 0 0 0 1 0 0
39 2 0 0 0 0 0 0 0 0
40 2 1 1 0 0 0 0 0 0
41 2 1 1 1 0 0 0 0 0
42 1 0 0 0 0 0 1 0 0
44 3 0 0 0 0 0 1 0 0
45 2 0 0 1 0 0 0 0 0
46 1 0 0 0 0 0 1 0 0
fl=/build/glibc-GKVZIf/glibc-2.23/ctype/ctype-info.c
fn=__ctype_init
31 7 2 2 5 1 0 1 0 0
33 4 0 0 2 0 0 1 0 0
35 5 0 0 3 0 0 1 0 0
fl=/build/glibc-GKVZIf/glibc-2.23/elf/../elf/dl-runtime.c
fn=_dl_fixup
66 21 2 1 0 0 0 7 0 0
68 7 0 0 7 0 0 0 0 0
69 14 0 0 14 4 0 0 0 0
71 28 2 1 7 3 0 0 0 0
72 7 0 0 7 2 0 0 0 0
73 49 0 0 14 4 0 7 0 0
74 21 0 0 14 3 0 0 0 0
79 14 0 0 0 0 0 0 0 0
83 14 1 1 7 5 2 0 0 0
87 21 0 0 7 2 0 0 0 0
91 7 0 0 7 2 0 0 0 0
92 35 0 0 14 4 0 0 0 0
94 28 0 0 7 3 0 0 0 0
100 7 0 0 0 0 0 0 0 0
101 21 1 1 7 0 0 0 0 0
111 70 0 0 14 3 0 21 1 0
115 35 1 1 21 0 0 0 0 0
125 42 0 0 14 0 0 0 0 0
133 7 0 0 7 0 0 0 0 0
141 28 0 0 7 0 0 0 0 0
145 21 0 0 7 1 0 0 0 0
149 21 0 0 14 0 0 0 0 0
fl=/build/glibc-GKVZIf/glibc-2.23/elf/../elf/dl-sysdep.c
fn=_dl_sysdep_start
86 8 1 1 0 0 0 6 1 1
110 1 0 0 0 0 0 1 0 0
111 218 1 1 71 9 9 4 3 3
114 2 0 0 0 0 0 1 0 0
115 1 0 0 0 0 0 1 0 0
117 132 5 5 34 2 2 17 1 1
118 107 0 0 18 2 2 0 0 0
121 1 0 0 1 0 0 0 0 0
122 1 0 0 0 0 0 0 0 0
124 1 0 0 1 1 1 0 0 0
125 1 0 0 0 0 0 0 0 0
127 1 1 1 1 1 1 0 0 0
128 2 0 0 0 0 0 0 0 0
130 1 0 0 1 0 0 0 0 0
131 2 0 0 0 0 0 0 0 0
151 1 0 0 1 1 1 0 0 0
152 2 0 0 0 0 0 0 0 0
154 1 0 0 1 0 0 0 0 0
155 2 0 0 0 0 0 0 0 0
157 2 1 1 1 0 0 1 0 0
158 2 0 0 0 0 0 0 0 0
163 2 1 1 1 0 0 1 0 0
164 2 0 0 0 0 0 1 0 0
179 2 1 1 1 0 0 1 0 0
180 2 0 0 0 0 0 1 0 0
231 2 0 0 0 0 0 0 0 0
232 2 0 0 0 0 0 2 0 0
234 5 0 0 0 0 0 1 0 0
246 3 1 1 1 0 0 0 0 0
249 5 0 0 1 0 0 1 0 0
250 1 0 0 1 1 0 0 0 0
251 8 0 0 7 1 0 0 0 0
fn=_dl_sysdep_start_cleanup
256 1 0 0 1 0 0 0 0 0
fl=/build/glibc-GKVZIf/glibc-2.23/elf/../misc/sbrk.c
fn=sbrk
34 4 0 0 0 0 0 2 0 0
42 6 1 1 2 1 1 0 0 0
46 2 0 0 0 0 0 0 0 0
62 5 0 0 3 0 0 0 0 0
fl=/build/glibc-GKVZIf/glibc-2.23/elf/../sysdeps/posix/dl-fileid.h
fn=_dl_map_object_from_fd
37 12 1 1 0 0 0 2 0 0
40 2 0 0 2 0 0 0 0 0
41 4 0 0 2 1 1 2 0 0
49 12 0 0 6 2 1 0 0 0
fl=/build/glibc-GKVZIf/glibc-2.23/elf/../sysdeps/unix/sysv/linux/dl-osinfo.h
fn=dl_main
77 1 0 0 1 0 0 0 0 0
fl=/build/glibc-GKVZIf/glibc-2.23/elf/../sysdeps/unix/sysv/linux/dl-sysdep.c
fn=_dl_discover_osversion
45 7 1 1 0 0 0 6 0 0
47 3 1 1 1 0 0 0 0 0
87 5 1 1 0 0 0 1 1 1
102 1 0 0 0 0 0 0 0 0
106 1 0 0 0 0 0 0 0 0
107 1 0 0 0 0 0 0 0 0
109 12 0 0 3 1 1 0 0 0
111 6 0 0 0 0 0 0 0 0
113 12 0 0 3 0 0 0 0 0
119 3 0 0 0 0 0 0 0 0
120 3 1 1 0 0 0 0 0 0
121 3 0 0 0 0 0 0 0 0
123 13 0 0 0 0 0 0 0 0
128 2 0 0 0 0 0 0 0 0
132 8 1 1 7 0 0 0 0 0
fn=_dl_sysdep_start
35 2 1 1 0 0 0 1 0 0
fl=/build/glibc-GKVZIf/glibc-2.23/elf/../sysdeps/unix/sysv/linux/dl-vdso.c
fn=_dl_vdso_vsym
27 8 1 1 8 1 0 0 0 0
28 8 1 1 4 0 0 0 0 0
31 8 1 1 0 0 0 0 0 0
fl=/build/glibc-GKVZIf/glibc-2.23/elf/../sysdeps/unix/sysv/linux/x86_64/brk.c
fn=brk
31 7 1 1 0 0 0 1 1 1
33 2 1 1 0 0 0 0 0 0
39 1 0 0 0 0 0 0 0 0
40 1 0 0 1 0 0 0 0 0
fl=/build/glibc-GKVZIf/glibc-2.23/elf/../sysdeps/x86/cpu-features.c
fn=_dl_sysdep_start
29 5 1 1 0 0 0 3 0 0
32 1 1 1 0 0 0 1 0 0
33 3 0 0 0 0 0 0 0 0
34 3 0 0 0 0 0 0 0 0
35 3 0 0 0 0 0 0 0 0
36 2 0 0 0 0 0 0 0 0
41 2 0 0 0 0 0 0 0 0
61 3 0 0 0 0 0 1 0 0
64 10 1 1 0 0 0 0 0 0
68 3 0 0 0 0 0 0 0 0
73 3 0 0 0 0 0 0 0 0
76 1 0 0 0 0 0 0 0 0
77 8 1 1 1 1 1 0 0 0
134 2 1 1 1 1 1 0 0 0
175 3 1 1 1 0 0 0 0 0
176 1 0 0 1 0 0 0 0 0
179 2 0 0 0 0 0 0 0 0
180 1 0 0 1 0 0 0 0 0
182 2 0 0 1 0 0 0 0 0
183 7 1 1 0 0 0 4 0 0
190 3 0 0 1 0 0 0 0 0
247 4 2 2 0 0 0 0 0 0
248 4 0 0 0 0 0 0 0 0
249 4 0 0 0 0 0 0 0 0
250 2 1 1 0 0 0 0 0 0
251 7 1 1 0 0 0 1 0 0
258 1 0 0 0 0 0 1 0 0
259 1 0 0 0 0 0 1 0 0
260 1 0 0 0 0 0 1 0 0
fl=/build/glibc-GKVZIf/glibc-2.23/elf/../sysdeps/x86_64/dl-machine.h
fn=_dl_fixup
235 7 0 0 0 0 0 7 0 0
fn=_dl_relocate_object
76 24 1 1 4 0 0 0 0 0
82 6 0 0 6 2 0 0 0 0
86 9 0 0 3 3 2 0 0 0
92 3 0 0 0 0 0 3 0 0
100 9 0 0 3 0 0 0 0 0
102 3 0 0 3 0 0 0 0 0
120 6 1 1 0 0 0 0 0 0
123 15 2 2 0 0 0 3 0 0
129 15 0 0 4 2 0 0 0 0
269 194 1 1 0 0 0 0 0 0
290 194 0 0 0 0 0 0 0 0
294 194 0 0 0 0 0 0 0 0
301 4174 14 14 982 82 72 734 2 0
303 431 0 0 182 1 0 0 0 0
306 364 0 0 91 0 0 0 0 0
312 582 1 1 97 3 3 0 0 0
407 42 2 2 14 0 0 0 0 0
411 70 0 0 14 0 0 0 0 0
425 70 0 0 28 1 1 14 7 7
435 249 1 1 83 9 9 83 7 6
447 9 0 0 0 0 0 3 0 0
512 3576 0 0 1192 298 298 0 0 0
517 2384 0 0 0 0 0 0 0 0
518 3576 0 0 1192 150 150 1192 222 222
528 34 0 0 21 0 0 0 0 0
532 26 0 0 0 0 0 0 0 0
534 39 0 0 13 0 0 0 0 0
535 13 0 0 13 3 2 0 0 0
554 24 0 0 16 0 0 8 0 0
555 8 0 0 0 0 0 8 0 0
fn=_dl_start
59 3 0 0 1 1 1 0 0 0
266 6 0 0 0 0 0 0 0 0
294 12 0 0 0 0 0 0 0 0
303 24 0 0 12 2 2 0 0 0
306 24 0 0 6 4 4 0 0 0
312 37 0 0 6 1 1 0 0 0
425 12 0 0 6 0 0 6 1 1
517 20 0 0 10 1 1 0 0 0
518 30 0 0 10 2 2 10 2 2
fn=_dl_sysdep_start
223 5 0 0 2 1 1 0 0 0
fl=/build/glibc-GKVZIf/glibc-2.23/elf/../sysdeps/x86_64/dl-trampoline.h
fn=_dl_runtime_resolve_sse
64 7 1 1 0 0 0 7 0 0
67 7 0 0 0 0 0 0 0 0
69 7 0 0 0 0 0 0 0 0
71 7 0 0 0 0 0 0 0 0
74 7 0 0 0 0 0 7 3 1
75 7 0 0 0 0 0 7 0 0
76 7 0 0 0 0 0 7 0 0
77 7 0 0 0 0 0 7 0 0
78 7 0 0 0 0 0 7 0 0
79 7 0 0 0 0 0 7 0 0
80 7 1 1 0 0 0 7 0 0
81 7 0 0 0 0 0 7 2 2
82 7 0 0 0 0 0 7 0 0
83 7 0 0 0 0 0 7 0 0
84 7 0 0 0 0 0 7 0 0
85 7 0 0 0 0 0 7 2 2
86 7 0 0 0 0 0 7 1 0
87 7 0 0 0 0 0 7 0 0
88 7 0 0 0 0 0 7 0 0
93 7 0 0 0 0 0 0 0 0
94 7 0 0 0 0 0 0 0 0
95 7 1 1 0 0 0 0 0 0
96 7 0 0 0 0 0 0 0 0
110 7 0 0 7 0 0 0 0 0
111 7 0 0 7 0 0 0 0 0
112 7 0 0 0 0 0 7 3 1
113 7 0 0 0 0 0 0 0 0
118 7 0 0 0 0 0 0 0 0
119 7 0 0 0 0 0 0 0 0
120 7 0 0 0 0 0 0 0 0
121 7 2 1 0 0 0 0 0 0
134 7 0 0 7 0 0 0 0 0
135 7 0 0 7 0 0 0 0 0
136 7 0 0 7 0 0 0 0 0
137 7 0 0 7 0 0 0 0 0
138 7 0 0 7 0 0 0 0 0
139 7 0 0 7 0 0 0 0 0
140 7 0 0 7 0 0 0 0 0
141 7 2 1 7 0 0 0 0 0
142 7 0 0 7 0 0 0 0 0
143 7 0 0 7 0 0 0 0 0
144 7 0 0 7 0 0 0 0 0
145 7 0 0 7 0 0 0 0 0
146 7 0 0 7 0 0 0 0 0
147 7 0 0 7 0 0 0 0 0
148 7 0 0 7 0 0 0 0 0
150 7 0 0 0 0 0 0 0 0
152 7 0 0 7 0 0 0 0 0
156 7 0 0 0 0 0 0 0 0
159 7 0 0 0 0 0 0 0 0
fl=/build/glibc-GKVZIf/glibc-2.23/elf/./dl-load.h
fn=_dl_map_object_from_fd
90 8 0 0 0 0 0 0 0 0
91 6 0 0 4 0 0 2 0 0
93 8 0 0 4 0 0 0 0 0
94 5 1 1 3 0 0 0 0 0
95 11 0 0 3 0 0 0 0 0
98 4 1 1 0 0 0 1 0 0
fl=/build/glibc-GKVZIf/glibc-2.23/elf/./dl-map-segments.h
fn=_dl_map_object_from_fd
56 22 0 0 8 0 0 6 0 0
60 6 1 1 2 0 0 0 0 0
63 6 0 0 2 0 0 2 0 0
64 4 0 0 0 0 0 2 0 0
66 4 0 0 2 0 0 0 0 0
72 14 1 1 4 0 0 2 0 0
73 8 1 1 4 0 0 0 0 0
76 4 1 1 4 0 0 0 0 0
86 20 1 1 4 0 0 0 0 0
88 8 0 0 4 0 0 0 0 0
90 28 1 1 10 0 0 4 0 0
100 16 0 0 8 0 0 0 0 0
106 4 0 0 2 0 0 0 0 0
107 2 0 0 0 0 0 0 0 0
108 10 0 0 2 0 0 0 0 0
109 4 0 0 0 0 0 0 0 0
116 4 0 0 0 0 0 0 0 0
119 4 1 1 0 0 0 0 0 0
127 24 1 1 6 0 0 8 0 0
133 4 0 0 0 0 0 0 0 0
137 9 1 1 0 0 0 2 0 0
140 3 0 0 1 0 0 0 0 0
145 4 1 1 0 0 0 0 0 0
fl=/build/glibc-GKVZIf/glibc-2.23/elf/dl-addr.c
fn=_dl_addr
30 2 0 0 1 0 0 1 0 0
31 2 0 0 1 0 0 1 0 0
34 2 0 0 1 0 0 0 0 0
38 1 0 0 1 0 0 0 0 0
39 1 0 0 1 0 0 0 0 0
40 3 1 1 2 0 0 1 0 0
42 2 0 0 2 0 0 0 0 0
45 2 0 0 1 1 0 0 0 0
50 2030 0 0 2 0 0 0 0 0
52 1011 0 0 1011 27 21 0 0 0
53 2022 0 0 0 0 0 0 0 0
55 3628 1 1 907 0 0 0 0 0
61 11175 1 1 2235 456 440 0 0 0
63 8940 0 0 2235 0 0 0 0 0
64 16328 0 0 5110 337 323 0 0 0
69 2235 0 0 0 0 0 0 0 0
71 9044 1 1 2235 102 83 0 0 0
99 3 0 0 1 1 0 0 0 0
100 1 0 0 0 0 0 1 1 0
101 3 1 1 1 0 0 0 0 0
104 2 0 0 0 0 0 0 0 0
116 1 1 1 0 0 0 1 0 0
117 1 0 0 0 0 0 1 0 0
126 11 1 1 0 0 0 8 1 0
131 3 0 0 2 0 0 1 0 0
133 2 0 0 0 0 0 1 0 0
135 2 1 1 0 0 0 0 0 0
138 2 0 0 0 0 0 0 0 0
141 2 0 0 1 1 0 1 0 0
144 9 1 1 7 1 0 0 0 0
fl=/build/glibc-GKVZIf/glibc-2.23/elf/dl-altinit.c
fn=dlinit_alt
33 3 1 1 2 0 0 0 0 0
34 1 0 0 1 0 0 0 0 0
fl=/build/glibc-GKVZIf/glibc-2.23/elf/dl-cache.c
fn=_dl_cache_libcmp
138 30 1 1 20 9 9 0 0 0
139 110 0 0 0 0 0 0 0 0
141 159 0 0 0 0 0 0 0 0
143 57 0 0 0 0 0 0 0 0
149 4 0 0 0 0 0 0 0 0
150 4 1 1 0 0 0 0 0 0
151 10 0 0 2 0 0 0 0 0
153 10 0 0 2 0 0 0 0 0
155 4 0 0 0 0 0 0 0 0
161 102 1 1 0 0 0 0 0 0
163 188 0 0 86 1 1 0 0 0
164 16 0 0 8 0 0 0 0 0
167 43 0 0 0 0 0 0 0 0
168 43 0 0 0 0 0 0 0 0
171 6 0 0 2 0 0 0 0 0
fn=_dl_load_cache_lookup
185 9 2 2 0 0 0 6 0 0
193 2 0 0 1 0 0 0 0 0
196 3 0 0 1 0 0 0 0 0
199 5 1 1 0 0 0 1 0 0
207 5 1 1 1 0 0 0 0 0
208 6 0 0 0 0 0 1 0 0
212 1 0 0 0 0 0 1 0 0
215 4 1 1 1 0 0 0 0 0
218 2 0 0 0 0 0 1 0 0
219 3 0 0 0 0 0 0 0 0
220 6 0 0 0 0 0 1 0 0
247 2 1 1 0 0 0 0 0 0
256 5 0 0 0 0 0 2 0 0
262 4 0 0 0 0 0 2 0 0
266 4 1 1 2 0 0 2 0 0
281 238 9 9 46 9 9 23 0 0
297 2 1 1 1 0 0 0 0 0
301 2 0 0 1 0 0 0 0 0
309 9 0 0 1 0 0 1 0 0
310 3 1 1 0 0 0 1 0 0
311 2 0 0 0 0 0 1 0 0
312 8 0 0 7 0 0 0 0 0
fn=_dl_unload_cache
321 1 0 0 0 0 0 0 0 0
322 4 2 2 1 1 0 0 0 0
324 2 0 0 1 0 0 1 0 0
325 1 0 0 0 0 0 1 0 0
327 2 0 0 1 0 0 0 0 0
fl=/build/glibc-GKVZIf/glibc-2.23/elf/dl-debug.c
fn=_dl_debug_initialize
50 8 1 1 0 0 0 0 0 0
51 4 1 1 4 0 0 0 0 0
55 14 1 1 4 0 0 0 0 0
58 1 0 0 0 0 0 1 0 0
59 2 0 0 0 0 0 1 0 0
60 5 0 0 1 0 0 1 0 0
61 2 0 0 0 0 0 1 0 0
64 1 0 0 1 0 0 0 0 0
fn=_dl_debug_state
74 2 0 0 2 0 0 0 0 0
fl=/build/glibc-GKVZIf/glibc-2.23/elf/dl-deps.c
fn=_dl_map_object_deps
144 4 0 0 0 0 0 2 0 0
145 2 0 0 0 0 0 2 0 0
146 7 0 0 0 0 0 2 0 0
152 9 1 1 2 0 0 3 0 0
160 11 1 1 0 0 0 9 0 0
161 9 2 2 0 0 0 0 0 0
178 14 1 1 1 0 0 1 0 0
179 2 0 0 1 0 0 0 0 0
182 3 0 0 0 0 0 2 0 0
188 2 0 0 0 0 0 2 0 0
189 1 0 0 0 0 0 1 0 0
201 2 1 1 1 0 0 1 0 0
202 2 0 0 0 0 0 1 0 0
203 1 0 0 0 0 0 1 0 0
204 2 0 0 0 0 0 2 0 0
209 6 1 1 0 0 0 5 0 0
210 4 0 0 0 0 0 0 0 0
213 4 0 0 0 0 0 4 0 0
217 8 0 0 4 0 0 0 0 0
218 25 2 2 11 2 1 0 0 0
220 2 0 0 0 0 0 0 0 0
222 8 0 0 4 0 0 2 0 0
224 30 1 1 2 0 0 6 0 0
229 16 2 2 8 2 0 0 0 0
231 6 0 0 4 0 0 2 0 0
236 2 0 0 0 0 0 2 0 0
237 2 0 0 0 0 0 2 0 0
238 4 0 0 2 0 0 2 0 0
239 4 0 0 2 0 0 2 0 0
242 208 1 1 54 0 0 0 0 0
243 96 1 1 0 0 0 0 0 0
249 14 0 0 4 0 0 2 0 0
251 2 0 0 0 0 0 2 0 0
254 12 1 1 8 0 0 2 0 0
256 6 0 0 2 0 0 0 0 0
271 2 0 0 2 0 0 0 0 0
273 4 0 0 2 0 0 0 0 0
278 6 0 0 0 0 0 0 0 0
281 2 0 0 0 0 0 2 0 0
282 2 0 0 0 0 0 2 0 0
283 2 0 0 0 0 0 2 0 0
284 4 0 0 2 0 0 2 0 0
286 2 1 1 2 0 0 0 0 0
288 12 0 0 2 0 0 4 0 0
292 6 0 0 2 0 0 0 0 0
293 3 0 0 0 0 0 1 0 0
295 138 1 1 0 0 0 0 0 0
317 9 1 1 0 0 0 4 0 0
338 6 2 2 0 0 0 3 0 0
459 12 1 1 4 0 0 0 0 0
461 6 0 0 0 0 0 2 0 0
463 8 1 1 0 0 0 2 0 0
465 4 0 0 0 0 0 0 0 0
468 2 0 0 0 0 0 2 0 0
469 10 0 0 2 0 0 2 0 0
470 10 0 0 0 0 0 2 0 0
473 2 0 0 0 0 0 2 0 0
474 2 0 0 2 0 0 0 0 0
478 22 1 1 11 0 0 0 0 0
480 4 1 1 4 0 0 0 0 0
481 18 0 0 4 0 0 0 0 0
485 6 1 1 2 0 0 0 0 0
486 1 0 0 0 0 0 1 0 0
489 5 0 0 2 0 0 1 0 0
499 5 1 1 1 0 0 1 0 0
502 2 0 0 0 0 0 0 0 0
507 9 1 1 3 0 0 1 0 0
508 6 0 0 4 0 0 1 0 0
510 12 0 0 4 0 0 0 0 0
516 12 0 0 0 0 0 4 1 1
520 12 1 1 12 0 0 0 0 0
523 3 0 0 1 0 0 1 0 0
574 3 0 0 2 0 0 0 0 0
575 1 0 0 0 0 0 1 0 0
576 3 1 1 1 0 0 0 0 0
611 8 2 2 1 0 0 2 0 0
613 2 0 0 0 0 0 0 0 0
614 1 0 0 0 0 0 1 0 0
617 11 1 1 0 0 0 1 0 0
618 5 1 1 0 0 0 0 0 0
619 5 0 0 1 0 0 1 0 0
623 12 0 0 3 0 0 6 0 0
624 6 0 0 3 0 0 0 0 0
630 17 0 0 3 0 0 0 0 0
632 12 1 1 6 0 0 0 0 0
633 7 0 0 0 0 0 0 0 0
635 9 0 0 3 0 0 0 0 0
636 6 0 0 0 0 0 0 0 0
655 2 1 1 1 0 0 0 0 0
658 3 1 1 0 0 0 0 0 0
661 10 1 1 3 0 0 0 0 0
664 28 1 1 6 0 0 6 0 0
671 2 0 0 1 0 0 1 0 0
673 2 0 0 1 0 0 1 0 0
674 1 1 1 1 0 0 0 0 0
675 3 0 0 1 0 0 0 0 0
682 3 0 0 1 0 0 0 0 0
685 3 1 1 1 0 0 0 0 0
688 8 0 0 7 0 0 0 0 0
fn=openaux
60 4 1 1 0 0 0 2 0 0
63 24 1 1 10 0 0 4 0 0
67 2 0 0 2 0 0 0 0 0
68 4 0 0 4 0 0 0 0 0
fl=/build/glibc-GKVZIf/glibc-2.23/elf/dl-environ.c
fn=_dl_next_ld_env_entry
30 3 1 1 3 0 0 0 0 0
31 1 0 0 0 0 0 0 0 0
33 211 0 0 70 0 0 0 0 0
35 138 1 1 69 33 33 0 0 0
36 20 0 0 10 0 0 0 0 0
38 2 0 0 0 0 0 0 0 0
41 4 0 0 0 0 0 2 0 0
43 2 0 0 2 0 0 0 0 0
46 67 0 0 0 0 0 0 0 0
50 1 0 0 1 0 0 0 0 0
fl=/build/glibc-GKVZIf/glibc-2.23/elf/dl-error.c
fn=_dl_catch_error
163 12 1 1 0 0 0 9 0 0
175 6 0 0 0 0 0 6 4 4
176 6 1 1 0 0 0 6 0 0
177 6 0 0 0 0 0 6 0 0
178 6 0 0 0 0 0 3 0 0
180 3 0 0 3 0 0 3 1 1
181 6 0 0 3 0 0 3 0 0
182 9 0 0 0 0 0 6 0 0
185 18 1 1 0 0 0 3 0 0
187 9 0 0 6 0 0 3 0 0
188 9 0 0 6 0 0 3 0 0
189 6 0 0 3 0 0 3 0 0
190 6 0 0 3 0 0 3 0 0
191 6 1 1 3 0 0 3 0 0
199 12 0 0 6 0 0 0 0 0
fn=_dl_receive_error
205 10 1 1 0 0 0 6 0 0
206 2 0 0 1 0 0 1 0 0
210 1 0 0 1 0 0 0 0 0
211 1 0 0 1 0 0 0 0 0
214 1 0 0 0 0 0 1 0 0
215 1 0 0 0 0 0 1 0 0
217 2 0 0 0 0 0 1 0 0
219 1 0 0 0 0 0 1 0 0
220 1 0 0 0 0 0 1 0 0
221 8 1 1 7 0 0 0 0 0
fl=/build/glibc-GKVZIf/glibc-2.23/elf/dl-fini.c
fn=_dl_fini
31 1 0 0 0 0 0 1 0 0
33 2 0 0 0 0 0 0 0 0
38 3 1 1 0 0 0 1 0 0
39 9 0 0 0 0 0 1 0 0
40 3 0 0 0 0 0 1 0 0
44 9 0 0 3 0 0 3 0 0
45 9 0 0 6 0 0 0 0 0
49 12 1 1 6 0 0 0 0 0
55 6 0 0 3 0 0 0 0 0
56 14 0 0 6 0 0 0 0 0
58 15 0 0 9 0 0 0 0 0
59 7 0 0 0 0 0 0 0 0
61 9 1 1 3 1 0 0 0 0
62 6 0 0 0 0 0 0 0 0
81 4 0 0 1 0 0 1 0 0
92 9 1 1 3 0 0 0 0 0
113 3 0 0 0 0 0 0 0 0
117 15 0 0 3 0 0 3 0 0
120 22 1 1 7 0 0 2 0 0
130 8 1 1 0 0 0 6 0 0
147 1 0 0 0 0 0 1 0 0
150 15 1 1 3 1 0 1 0 0
153 2 1 1 1 1 0 1 0 0
155 1 0 0 1 1 0 0 0 0
158 2 0 0 0 0 0 0 0 0
160 6 1 1 3 0 0 0 0 0
165 1 0 0 0 0 0 1 0 0
168 9 0 0 0 0 0 1 0 0
173 13 0 0 4 1 0 0 0 0
175 8 0 0 4 1 0 0 0 0
177 8 1 1 0 0 0 0 0 0
179 8 0 0 0 0 0 4 0 0
180 4 0 0 0 0 0 4 3 0
181 4 0 0 0 0 0 0 0 0
185 4 0 0 4 1 0 0 0 0
187 9 1 1 1 0 0 1 0 0
188 2 0 0 1 0 0 0 0 0
192 2 0 0 1 0 0 1 0 0
201 3 1 1 2 0 0 1 0 0
206 14 0 0 7 0 0 0 0 0
208 4 0 0 4 0 0 0 0 0
210 12 1 1 4 0 0 0 0 0
213 8 0 0 0 0 0 4 0 0
216 12 0 0 4 3 0 0 0 0
217 6 0 0 2 2 0 0 0 0
220 4 0 0 2 0 0 0 0 0
229 4 0 0 4 1 0 0 0 0
232 6 0 0 4 1 0 0 0 0
234 16 1 1 2 2 0 0 0 0
235 4 0 0 2 2 0 2 0 0
239 4 0 0 0 0 0 0 0 0
240 6 0 0 4 2 0 2 0 0
246 24 1 1 8 1 0 0 0 0
262 8 0 0 4 0 0 0 0 0
268 6 2 2 2 0 0 0 0 0
270 1 0 0 0 0 0 1 0 0
274 2 0 0 1 0 0 0 0 0
281 8 0 0 7 0 0 0 0 0
fl=/build/glibc-GKVZIf/glibc-2.23/elf/dl-hwcaps.c
fn=_dl_important_hwcaps
39 12 2 2 0 0 0 10 2 2
41 1 0 0 1 0 0 0 0 0
42 3 0 0 0 0 0 0 0 0
51 3 0 0 1 0 0 0 0 0
61 4 1 1 1 0 0 1 0 0
113 1 1 1 0 0 0 0 0 0
115 5 2 2 0 0 0 1 0 0
130 10 0 0 0 0 0 1 0 0
131 1 0 0 0 0 0 0 0 0
162 2 1 1 0 0 0 0 0 0
170 3 1 1 1 0 0 0 0 0
172 2 0 0 1 0 0 1 0 0
173 5 0 0 1 0 0 1 0 0
177 3 0 0 1 0 0 1 0 0
178 1 0 0 0 0 0 1 0 0
181 2 1 1 0 0 0 0 0 0
184 2 0 0 0 0 0 0 0 0
185 1 0 0 1 0 0 0 0 0
188 12 1 1 2 0 0 2 0 0
189 2 0 0 0 0 0 0 0 0
207 11 2 2 2 0 0 5 0 0
208 6 0 0 0 0 0 3 0 0
209 6 1 1 4 0 0 0 0 0
238 3 0 0 0 0 0 2 1 1
241 2 0 0 0 0 0 0 0 0
243 10 1 1 3 0 0 4 0 0
244 20 1 1 5 0 0 5 0 0
264 7 1 1 2 0 0 0 0 0
269 10 0 0 2 0 0 0 0 0
270 8 1 1 0 0 0 4 0 0
274 11 0 0 0 0 0 0 0 0
277 26 0 0 0 0 0 0 0 0
278 24 1 1 0 0 0 0 0 0
279 12 0 0 8 0 0 0 0 0
281 4 0 0 0 0 0 0 0 0
284 3 0 0 1 0 0 0 0 0
285 2 0 0 1 0 0 0 0 0
286 12 2 2 3 0 0 0 0 0
299 6 0 0 2 0 0 2 0 0
300 2 0 0 0 0 0 0 0 0
302 4 0 0 0 0 0 0 0 0
305 4 0 0 3 0 0 1 0 0
307 1 0 0 0 0 0 0 0 0
308 10 1 1 7 0 0 1 0 0
fl=/build/glibc-GKVZIf/glibc-2.23/elf/dl-init.c
fn=_dl_init
30 25 1 1 5 1 0 3 0 0
80 11 2 2 0 0 0 6 0 0
81 1 0 0 1 1 0 0 0 0
82 1 0 0 1 0 0 0 0 0
85 3 0 0 1 0 0 0 0 0
88 2 0 0 0 0 0 1 0 0
93 2 0 0 0 0 0 0 0 0
94 2 1 1 1 0 0 0 0 0
104 2 1 1 0 0 0 1 0 0
119 15 0 0 0 0 0 0 0 0
120 12 0 0 8 1 0 0 0 0
126 8 0 0 7 0 0 0 0 0
fn=call_init.part.0
28 20 0 0 0 0 0 20 0 0
36 12 0 0 4 0 0 4 0 0
39 16 0 0 8 2 0 0 0 0
40 3 0 0 0 0 0 0 0 0
44 21 1 1 3 2 0 0 0 0
45 3 1 1 1 0 0 0 0 0
49 4 0 0 2 0 0 0 0 0
58 14 0 0 6 4 0 2 0 0
62 4 0 0 0 0 0 0 0 0
68 6 0 0 4 0 0 0 0 0
70 4 1 1 4 0 0 0 0 0
71 16 0 0 0 0 0 0 0 0
72 15 0 0 3 0 0 3 0 0
74 24 0 0 24 0 0 0 0 0
fl=/build/glibc-GKVZIf/glibc-2.23/elf/dl-load.c
fn=_dl_init_paths
661 9 2 2 0 0 0 6 0 0
674 6 0 0 2 0 0 2 0 0
678 1 0 0 0 0 0 1 0 0
679 2 0 0 0 0 0 1 0 0
680 3 1 1 0 0 0 0 0 0
687 6 0 0 0 0 0 0 0 0
688 4 0 0 1 0 0 2 0 0
691 1 0 0 0 0 0 1 0 0
692 2 1 1 0 0 0 1 0 0
694 2 0 0 0 0 0 0 0 0
700 1 0 0 0 0 0 1 0 0
701 1 0 0 0 0 0 1 0 0
709 3 0 0 0 0 0 3 0 0
711 8 0 0 0 0 0 4 1 1
712 4 2 2 0 0 0 4 2 2
714 9 0 0 0 0 0 4 0 0
715 13 0 0 3 1 1 4 1 1
716 12 0 0 0 0 0 3 0 0
719 6 0 0 3 1 1 0 0 0
720 32 1 1 12 0 0 8 0 0
723 35 0 0 4 0 0 6 0 0
729 1 0 0 0 0 0 1 1 1
730 1 1 1 0 0 0 1 0 0
734 1 0 0 1 0 0 0 0 0
735 2 0 0 0 0 0 0 0 0
737 4 1 1 1 0 0 0 0 0
739 3 0 0 1 0 0 0 0 0
756 1 1 1 0 0 0 1 0 0
758 3 1 1 1 0 0 0 0 0
772 2 1 1 0 0 0 1 0 0
777 5 1 1 1 0 0 0 0 0
785 5 1 1 0 0 0 1 0 0
787 11 0 0 0 0 0 2 0 0
791 58 1 1 0 0 0 0 0 0
804 57 0 0 14 0 0 0 0 0
808 14 0 0 0 0 0 0 0 0
811 1 0 0 0 0 0 1 0 0
812 1 0 0 0 0 0 1 0 0
813 2 0 0 0 0 0 0 0 0
819 9 1 1 1 0 0 2 0 0
823 5 0 0 4 0 0 0 0 0
829 1 0 0 0 0 0 1 0 0
833 8 0 0 7 0 0 0 0 0
fn=_dl_map_object
372 5 1 1 0 0 0 1 0 0
376 2 0 0 0 0 0 1 0 0
638 9 1 1 3 2 0 0 0 0
2167 27 1 1 0 0 0 24 4 4
2169 2 0 0 0 0 0 2 0 0
2175 6 0 0 0 0 0 0 0 0
2176 12 1 1 3 0 0 0 0 0
2179 42 0 0 9 0 0 0 0 0
2184 49 1 1 7 0 0 0 0 0
2186 35 0 0 0 0 0 7 0 0
2190 12 0 0 6 0 0 0 0 0
2191 18 0 0 6 0 0 0 0 0
2194 2 0 0 2 0 0 0 0 0
2196 12 1 1 4 0 0 2 0 0
2213 10 1 1 4 0 0 2 0 0
2222 6 1 1 2 0 0 0 0 0
2256 2 0 0 0 0 0 2 1 1
2258 10 0 0 0 0 0 2 0 0
2262 4 1 1 0 0 0 2 0 0
2264 2 0 0 1 0 0 0 0 0
2271 4 1 1 1 0 0 0 0 0
2275 2 1 1 1 0 0 1 0 0
2280 6 1 1 1 0 0 1 0 0
2281 1 0 0 0 0 0 0 0 0
2283 9 1 1 0 0 0 3 0 0
2295 3 1 1 2 0 0 0 0 0
2296 8 0 0 2 0 0 1 0 0
2297 1 1 1 0 0 0 0 0 0
2306 2 0 0 1 0 0 0 0 0
2307 15 1 1 1 0 0 4 0 0
2313 5 0 0 1 0 0 0 0 0
2314 1 1 1 0 0 0 0 0 0
2322 1 0 0 0 0 0 1 0 0
2336 2 2 2 0 0 0 0 0 0
2338 3 0 0 1 0 0 0 0 0
2342 3 0 0 0 0 0 2 0 0
2344 2 0 0 0 0 0 0 0 0
2348 2 0 0 0 0 0 0 0 0
2356 3 0 0 1 0 0 0 0 0
2379 11 1 1 1 0 0 2 0 0
2383 4 0 0 2 0 0 0 0 0
2384 2 0 0 0 0 0 1 0 0
2401 2 1 1 1 0 0 0 0 0
2407 1 0 0 0 0 0 1 0 0
2409 2 0 0 0 0 0 0 0 0
2410 3 0 0 0 0 0 0 0 0
2414 10 1 1 0 0 0 2 0 0
2417 4 0 0 2 0 0 0 0 0
2429 6 0 0 0 0 0 0 0 0
2431 4 1 1 0 0 0 0 0 0
2475 4 0 0 2 0 0 2 0 0
2476 30 1 1 6 1 0 10 0 0
2478 24 0 0 21 0 0 0 0 0
fn=_dl_map_object_from_fd
871 30 2 2 0 0 0 22 2 2
881 8 0 0 2 0 0 4 1 1
882 2 0 0 0 0 0 2 0 0
897 31 1 1 11 0 0 0 0 0
898 10 0 0 5 0 0 0 0 0
915 4 1 1 2 0 0 0 0 0
939 4 0 0 2 0 0 0 0 0
949 4 0 0 2 0 0 0 0 0
971 8 1 1 4 0 0 0 0 0
1003 4 0 0 0 0 0 0 0 0
1006 16 1 1 10 0 0 2 0 0
1007 4 0 0 0 0 0 0 0 0
1018 6 0 0 4 0 0 2 2 2
1019 8 1 1 4 0 0 4 0 0
1020 4 1 1 2 0 0 2 0 0
1022 8 0 0 0 0 0 0 0 0
1023 8 0 0 4 0 0 0 0 0
1024 2 0 0 0 0 0 0 0 0
1041 2 0 0 0 0 0 2 0 0
1043 20 1 1 0 0 0 4 0 0
1051 142 0 0 0 0 0 0 0 0
1052 127 2 2 17 0 0 0 0 0
1058 4 0 0 2 0 0 2 0 0
1059 6 0 0 2 0 0 2 0 0
1060 2 0 0 0 0 0 0 0 0
1063 2 0 0 1 0 0 1 0 0
1064 1 0 0 0 0 0 0 0 0
1069 20 1 1 8 0 0 0 0 0
1074 32 1 1 8 0 0 0 0 0
1082 16 0 0 0 0 0 0 0 0
1083 16 0 0 0 0 0 4 3 3
1084 20 0 0 4 0 0 4 0 0
1085 4 1 1 0 0 0 4 0 0
1086 8 0 0 4 0 0 4 0 0
1087 8 0 0 0 0 0 4 1 1
1091 8 0 0 0 0 0 0 0 0
1092 12 0 0 6 0 0 2 0 0
1096 36 1 1 4 0 0 4 0 0
1107 4 0 0 0 0 0 0 0 0
1110 3 1 1 1 1 0 0 0 0
1114 1 0 0 0 0 0 1 1 1
1115 3 0 0 2 0 0 1 0 0
1116 2 0 0 0 0 0 0 0 0
1119 3 0 0 0 0 0 1 1 1
1120 2 0 0 1 0 0 1 0 0
1123 1 0 0 0 0 0 1 0 0
1127 4 0 0 1 0 0 0 0 0
1133 3 0 0 1 0 0 2 0 0
1134 1 0 0 0 0 0 0 0 0
1138 16 1 1 2 0 0 6 0 0
1146 4 0 0 0 0 0 2 0 0
1189 4 1 1 2 0 0 2 0 0
1190 2 0 0 0 0 0 0 0 0
1193 4 1 1 2 0 0 2 0 0
1194 6 0 0 4 0 0 2 0 0
1195 2 0 0 0 0 0 0 0 0
1198 6 0 0 2 0 0 0 0 0
1207 4 0 0 0 0 0 0 0 0
1217 18 1 1 8 0 0 2 0 0
1229 8 1 1 4 0 0 0 0 0
1233 2 1 1 1 0 0 0 0 0
1238 6 0 0 2 0 0 2 0 0
1245 4 0 0 0 0 0 0 0 0
1260 6 1 1 2 0 0 0 0 0
1279 4 0 0 2 0 0 2 0 0
1281 10 0 0 4 0 0 0 0 0
1335 6 1 1 2 1 1 0 0 0
1336 2 0 0 1 0 0 1 0 0
1339 8 0 0 2 0 0 2 0 0
1348 4 0 0 2 0 0 0 0 0
1350 8 0 0 4 0 0 2 0 0
1352 4 1 1 2 0 0 0 0 0
1368 4 0 0 0 0 0 2 0 0
1372 4 0 0 2 0 0 0 0 0
1373 4 0 0 2 0 0 0 0 0
1390 4 1 1 2 0 0 0 0 0
1391 2 0 0 0 0 0 1 0 0
1394 6 0 0 2 0 0 4 0 0
1399 4 0 0 2 0 0 0 0 0
1409 4 1 1 2 0 0 0 0 0
1419 6 0 0 2 0 0 2 0 0
1423 8 0 0 2 0 0 0 0 0
1443 16 0 0 14 0 0 0 0 0
fn=fillin_rpath
372 5 1 1 0 0 0 1 0 0
376 3 0 0 0 0 0 1 0 0
433 17 2 2 0 0 0 12 0 0
435 1 0 0 0 0 0 0 0 0
438 9 0 0 0 0 0 2 0 0
444 3 0 0 0 0 0 1 0 0
448 2 0 0 0 0 0 0 0 0
455 8 2 2 1 0 0 0 0 0
460 3 0 0 0 0 0 1 0 0
463 3 1 1 1 0 0 0 0 0
470 15 0 0 5 0 0 0 0 0
471 8 1 1 4 0 0 0 0 0
489 4 2 2 1 0 0 1 0 0
492 5 0 0 1 0 0 2 0 0
493 2 1 1 1 0 0 0 0 0
495 3 0 0 1 0 0 0 0 0
499 1 0 0 0 0 0 1 1 1
500 1 0 0 0 0 0 0 0 0
501 4 0 0 0 0 0 2 0 0
502 1 0 0 0 0 0 1 0 0
504 2 1 1 1 0 0 0 0 0
510 4 0 0 1 0 0 0 0 0
511 18 2 2 1 0 0 0 0 0
512 11 1 1 0 0 0 4 0 0
514 2 1 1 1 0 0 1 0 0
515 3 0 0 1 0 0 0 0 0
520 2 0 0 0 0 0 1 0 0
522 3 0 0 1 0 0 1 0 0
523 1 0 0 0 0 0 1 0 0
526 2 1 1 0 0 0 1 0 0
528 4 0 0 2 0 0 1 0 0
532 1 0 0 0 0 0 1 0 0
535 9 0 0 7 0 0 0 0 0
fn=open_path
2018 8 1 1 0 0 0 6 0 0
2019 2 0 0 1 0 0 1 1 1
2022 1 0 0 0 0 0 1 0 0
2023 1 0 0 0 0 0 1 0 0
2025 2 0 0 0 0 0 0 0 0
2030 17 1 1 2 0 0 7 0 0
2033 1 0 0 1 1 0 0 0 0
2042 2 1 1 1 0 0 0 0 0
2049 5 0 0 2 0 0 2 0 0
2050 21 1 1 1 0 0 0 0 0
2053 8 1 1 4 0 0 0 0 0
2056 8 0 0 0 0 0 0 0 0
2057 32 1 1 20 1 0 8 0 0
2058 16 0 0 4 0 0 0 0 0
2063 8 0 0 4 0 0 0 0 0
2064 3 1 1 0 0 0 0 0 0
2066 40 1 1 20 0 0 8 0 0
2068 20 0 0 12 0 0 0 0 0
2070 8 0 0 0 0 0 0 0 0
2075 8 1 1 4 0 0 0 0 0
2076 36 0 0 16 0 0 0 0 0
2082 14 2 2 4 0 0 5 0 0
2084 24 0 0 4 0 0 4 0 0
2085 2 0 0 1 1 1 0 0 0
2087 17 0 0 0 0 0 4 0 0
2094 12 0 0 4 0 0 0 0 0
2104 4 0 0 1 0 0 1 0 0
2132 1 0 0 0 0 0 0 0 0
2135 7 1 1 1 0 0 0 0 0
2140 1 0 0 1 0 0 0 0 0
2142 4 1 1 3 0 0 0 0 0
2145 3 0 0 1 0 0 0 0 0
2159 8 0 0 7 0 0 0 0 0
fn=open_verify.constprop.7
1695 84 1 1 6 0 0 54 1 1
1734 28 0 0 6 0 0 0 0 0
1765 30 1 1 0 0 0 12 1 1
1767 14 0 0 0 0 0 0 0 0
1777 2 0 0 0 0 0 2 0 0
1778 4 0 0 0 0 0 2 0 0
1783 16 1 1 4 0 0 4 0 0
1785 4 0 0 0 0 0 0 0 0
1787 6 0 0 2 0 0 2 0 0
1789 4 0 0 0 0 0 0 0 0
1795 4 0 0 0 0 0 0 0 0
1804 2 2 2 1 0 0 0 0 0
1811 36 4 4 5 0 0 5 0 0
1885 4 0 0 2 0 0 0 0 0
1890 4 0 0 2 0 0 0 0 0
1892 8 0 0 2 0 0 0 0 0
1898 4 0 0 0 0 0 0 0 0
1909 4 0 0 2 1 1 0 0 0
1915 12 1 1 2 0 0 0 0 0
1916 8 0 0 2 0 0 0 0 0
1917 6 0 0 2 0 0 2 0 0
1937 108 2 2 14 0 0 0 0 0
1939 36 1 1 17 6 5 0 0 0
1943 8 0 0 4 0 0 0 0 0
1944 6 0 0 2 0 0 0 0 0
1953 18 1 1 0 0 0 3 0 0
1956 14 0 0 4 0 0 0 0 0
1960 6 0 0 0 0 0 0 0 0
1965 1 0 0 0 0 0 0 0 0
1966 1 0 0 0 0 0 0 0 0
1969 2 0 0 0 0 0 0 0 0
1972 7 0 0 3 0 0 0 0 0
1975 3 0 0 1 0 0 0 0 0
1976 5 0 0 1 0 0 0 0 0
1981 4 1 1 0 0 0 0 0 0
2004 48 1 1 42 0 0 0 0 0
fl=/build/glibc-GKVZIf/glibc-2.23/elf/dl-lookup.c
fn=_dl_lookup_symbol_x
568 5448 1 1 1275 84 80 87 0 0
569 4752 0 0 0 0 0 0 0 0
806 1305 1 1 87 0 0 783 12 5
808 174 0 0 0 0 0 87 1 0
809 174 0 0 0 0 0 174 0 0
812 87 0 0 87 2 0 0 0 0
816 334 1 1 80 0 0 0 0 0
820 609 0 0 174 0 0 261 0 0
821 174 0 0 0 0 0 0 0 0
823 174 0 0 174 0 0 0 0 0
827 291 2 1 6 0 0 0 0 0
829 1218 3 2 609 0 0 609 4 2
832 261 0 0 0 0 0 0 0 0
835 6 0 0 0 0 0 0 0 0
858 174 0 0 87 0 0 0 0 0
860 42 1 1 12 0 0 0 0 0
876 6 0 0 0 0 0 6 0 0
877 12 0 0 0 0 0 0 0 0
880 81 0 0 81 0 0 0 0 0
881 567 0 0 162 0 0 0 0 0
912 81 1 1 0 0 0 0 0 0
921 405 0 0 81 0 0 0 0 0
935 243 0 0 81 3 0 0 0 0
936 2 1 1 0 0 0 1 0 0
938 324 0 0 162 0 0 0 0 0
943 81 1 1 0 0 0 81 0 0
945 696 0 0 609 1 0 0 0 0
fn=_dl_setup_hash
956 12 1 1 4 0 0 0 0 0
960 4 0 0 4 0 0 0 0 0
964 8 0 0 4 4 4 4 0 0
965 4 0 0 4 0 0 0 0 0
966 4 0 0 4 1 1 0 0 0
968 12 0 0 0 0 0 0 0 0
969 4 0 0 0 0 0 4 0 0
970 12 0 0 4 0 0 4 0 0
972 4 1 1 0 0 0 4 0 0
973 8 0 0 0 0 0 0 0 0
975 4 0 0 0 0 0 4 0 0
977 12 0 0 0 0 0 4 0 0
978 4 0 0 4 0 0 0 0 0
fn=check_match
92 648 1 1 162 13 8 324 7 2
95 567 0 0 162 7 7 0 0 0
107 486 1 1 81 0 0 81 5 2
110 426 0 0 34 0 0 17 0 0
114 81 1 1 81 0 0 0 0 0
115 162 0 0 0 0 0 0 0 0
117 160 0 0 0 0 0 0 0 0
136 160 0 0 160 4 3 0 0 0
137 640 0 0 240 4 0 0 0 0
138 480 2 2 160 0 0 80 0 0
165 2 0 0 0 0 0 0 0 0
167 6 0 0 2 0 0 0 0 0
168 4 0 0 0 0 0 0 0 0
176 81 0 0 0 0 0 0 0 0
183 486 1 1 405 0 0 0 0 0
fn=do_lookup_x
311 192 0 0 0 0 0 0 0 0
355 1044 2 2 87 0 0 870 11 6
356 87 0 0 87 2 0 0 0 0
362 87 0 0 87 0 0 0 0 0
366 546 0 0 546 11 0 0 0 0
369 546 0 0 0 0 0 0 0 0
373 981 1 1 87 0 0 174 0 0
377 546 1 1 273 4 0 0 0 0
381 546 0 0 273 1 0 0 0 0
387 819 0 0 273 7 0 0 0 0
391 273 0 0 0 0 0 273 0 0
392 273 1 1 0 0 0 273 0 0
395 819 0 0 546 11 0 273 0 0
396 819 0 0 546 1 0 273 0 0
399 273 0 0 273 0 0 0 0 0
400 546 0 0 0 0 0 0 0 0
402 819 0 0 819 41 32 0 0 0
403 348 0 0 0 0 0 87 0 0
410 3525 1 1 906 0 0 174 0 0
413 510 1 1 255 46 44 0 0 0
415 170 1 1 0 0 0 0 0 0
417 1105 1 1 340 0 0 425 0 0
420 820 0 0 164 60 58 0 0 0
422 324 0 0 81 0 0 0 0 0
423 1215 1 1 567 0 0 486 1 0
427 243 1 1 0 0 0 0 0 0
430 249 0 0 0 0 0 0 0 0
439 729 2 2 405 0 0 0 0 0
461 8 1 1 4 0 0 0 0 0
469 162 1 1 81 0 0 0 0 0
519 604 0 0 81 0 0 0 0 0
523 33 0 0 11 1 0 0 0 0
535 162 1 1 81 0 0 81 0 0
536 81 0 0 0 0 0 81 0 0
537 162 0 0 0 0 0 0 0 0
553 1380 1 1 524 2 0 0 0 0
554 135 0 0 0 0 0 27 1 0
555 28 2 2 20 0 0 0 0 0
557 576 0 0 0 0 0 0 0 0
560 6 0 0 0 0 0 0 0 0
561 696 1 1 609 0 0 0 0 0
fl=/build/glibc-GKVZIf/glibc-2.23/elf/dl-minimal.c
fn=__libc_memalign
52 66 1 1 0 0 0 44 2 2
53 87 1 1 43 0 0 0 0 0
58 5 0 0 0 0 0 1 0 0
59 2 1 1 1 0 0 0 0 0
64 88 0 0 0 0 0 22 0 0
67 142 0 0 0 0 0 0 0 0
71 12 1 1 3 0 0 0 0 0
72 6 0 0 0 0 0 0 0 0
78 24 0 0 0 0 0 3 0 0
80 15 0 0 6 0 0 0 0 0
84 9 0 0 0 0 0 3 0 0
87 22 0 0 0 0 0 22 0 0
88 22 0 0 0 0 0 22 0 0
90 110 0 0 66 0 0 0 0 0
fn=calloc
103 8 1 1 0 0 0 0 0 0
107 8 0 0 0 0 0 0 0 0
111 40 0 0 0 0 0 0 0 0
114 8 0 0 0 0 0 0 0 0
fn=free
120 1 1 1 0 0 0 1 0 0
122 3 0 0 1 0 0 0 0 0
129 2 0 0 2 0 0 0 0 0
fn=malloc
94 21 1 1 0 0 0 0 0 0
95 42 0 0 0 0 0 0 0 0
fn=strsep
354 8 1 1 4 1 0 0 0 0
356 4 0 0 4 0 0 0 0 0
357 8 0 0 0 0 0 0 0 0
361 319 1 1 63 0 0 0 0 0
366 244 0 0 122 0 0 0 0 0
368 366 0 0 122 0 0 0 0 0
376 61 0 0 0 0 0 0 0 0
379 2 0 0 0 0 0 2 0 0
383 4 0 0 4 0 0 0 0 0
fl=/build/glibc-GKVZIf/glibc-2.23/elf/dl-misc.c
fn=_dl_name_match_p
288 205 1 1 0 0 0 82 2 2
289 164 1 1 41 0 0 41 1 1
290 44 0 0 0 0 0 0 0 0
292 41 0 0 41 0 0 0 0 0
294 166 0 0 0 0 0 0 0 0
295 225 0 0 45 3 0 45 0 0
298 42 0 0 42 0 0 0 0 0
300 38 0 0 0 0 0 0 0 0
301 205 1 1 123 0 0 0 0 0
fn=_dl_sysdep_read_whole_file
45 8 2 2 0 0 0 4 0 0
52 3 0 0 0 0 0 1 0 0
53 2 0 0 0 0 0 0 0 0
55 7 0 0 0 0 0 1 0 0
57 2 0 0 1 0 0 1 0 0
60 2 0 0 0 0 0 0 0 0
62 8 1 1 0 0 0 1 0 0
73 2 0 0 0 0 0 1 0 0
76 7 0 0 5 0 0 0 0 0
fl=/build/glibc-GKVZIf/glibc-2.23/elf/dl-object.c
fn=_dl_add_to_namespace_list
32 15 1 1 0 0 0 9 0 0
34 9 1 1 3 0 0 3 0 0
36 22 0 0 3 0 0 0 0 0
39 15 0 0 5 0 0 0 0 0
41 2 0 0 0 0 0 2 0 0
43 2 0 0 0 0 0 2 0 0
46 2 1 1 0 0 0 1 0 0
47 9 1 0 3 0 0 0 0 0
48 6 0 0 3 0 0 3 0 0
49 6 0 0 0 0 0 3 0 0
51 6 0 0 3 0 0 0 0 0
52 9 0 0 9 0 0 0 0 0
fn=_dl_new_object
61 42 1 1 0 0 0 30 2 2
62 9 0 0 0 0 0 3 0 0
68 39 3 3 6 1 1 0 0 0
75 15 0 0 0 0 0 6 0 0
78 6 0 0 0 0 0 0 0 0
81 3 0 0 0 0 0 3 2 2
82 6 0 0 0 0 0 3 3 3
85 6 0 0 0 0 0 3 1 1
87 15 1 1 6 0 0 6 1 1
89 3 0 0 0 0 0 3 0 0
97 18 1 1 6 1 0 3 1 1
98 18 0 0 6 3 3 3 0 0
101 6 0 0 3 0 0 0 0 0
102 8 0 0 2 0 0 3 3 3
103 3 0 0 0 0 0 3 0 0
107 3 0 0 0 0 0 3 0 0
110 44 1 1 0 0 0 0 0 0
112 32 0 0 0 0 0 16 4 4
122 6 0 0 0 0 0 3 0 0
123 3 0 0 0 0 0 3 3 3
128 18 1 1 3 1 1 0 0 0
130 8 0 0 0 0 0 2 1 1
133 8 1 1 0 0 0 0 0 0
137 6 0 0 2 0 0 0 0 0
141 12 0 0 0 0 0 0 0 0
143 5 1 1 1 0 0 0 0 0
149 1 0 0 0 0 0 1 0 0
152 6 0 0 0 0 0 3 1 1
155 9 1 1 0 0 0 3 0 0
157 14 0 0 2 0 0 4 0 0
161 8 0 0 2 0 0 0 0 0
165 6 0 0 0 0 0 2 0 0
166 8 0 0 0 0 0 0 0 0
168 1 1 1 0 0 0 0 0 0
211 48 2 2 4 0 0 2 0 0
216 42 0 0 0 0 0 0 0 0
217 88 0 0 42 0 0 0 0 0
222 4 0 0 0 0 0 2 0 0
225 4 0 0 0 0 0 2 0 0
229 24 0 0 21 0 0 0 0 0
fl=/build/glibc-GKVZIf/glibc-2.23/elf/dl-open.c
fn=_dl_find_dso_for_object
182 5 1 1 1 0 0 0 0 0
183 10 2 2 3 0 0 0 0 0
184 12 0 0 6 1 0 0 0 0
185 2 0 0 1 0 0 0 0 0
188 2 1 1 1 0 0 0 0 0
192 1 0 0 1 0 0 0 0 0
fl=/build/glibc-GKVZIf/glibc-2.23/elf/dl-reloc.c
fn=_dl_relocate_object
149 48 2 2 0 0 0 32 0 0
156 4 0 0 0 0 0 4 0 0
159 8 0 0 0 0 0 0 0 0
160 24 0 0 0 0 0 12 0 0
164 8 0 0 0 0 0 0 0 0
165 24 0 0 4 1 0 4 0 0
171 8 0 0 4 0 0 0 0 0
177 12 1 1 4 0 0 0 0 0
178 8 1 1 4 2 0 0 0 0
181 8 0 0 4 0 0 0 0 0
188 8 0 0 4 0 0 0 0 0
232 12 0 0 8 0 0 4 0 0
258 192 4 4 59 7 0 53 0 0
261 16 0 0 4 0 0 0 0 0
285 4 0 0 4 0 0 0 0 0
288 8 0 0 4 0 0 0 0 0
305 12 0 0 4 1 0 0 0 0
307 32 0 0 28 1 0 0 0 0
313 28 2 2 12 0 0 4 0 0
316 8 0 0 0 0 0 0 0 0
320 8 0 0 0 0 0 0 0 0
321 28 0 0 4 0 0 4 0 0
fl=/build/glibc-GKVZIf/glibc-2.23/elf/dl-tls.c
fn=_dl_add_to_slotinfo
890 4 1 1 0 0 0 3 0 0
896 2 0 0 1 0 0 0 0 0
899 1 0 0 1 1 0 0 0 0
904 5 1 1 1 0 0 0 0 0
945 1 0 0 0 0 0 1 1 0
946 3 0 0 1 0 0 1 0 0
947 4 0 0 4 0 0 0 0 0
fn=_dl_allocate_tls_init
449 7 0 0 0 0 0 6 0 0
450 2 1 1 0 0 0 0 0 0
454 2 0 0 1 1 0 1 0 0
456 1 0 0 0 0 0 1 0 0
457 3 0 0 1 0 0 0 0 0
460 4 0 0 2 1 0 1 0 0
472 1 1 1 1 0 0 0 0 0
477 9 0 0 1 0 0 0 0 0
483 16 1 1 1 0 0 1 0 0
486 1 0 0 1 0 0 0 0 0
487 2 0 0 0 0 0 0 0 0
493 3 1 1 2 0 0 0 0 0
494 2 0 0 0 0 0 0 0 0
496 5 0 0 2 0 0 1 0 0
497 1 0 0 0 0 0 1 0 0
499 3 0 0 0 0 0 0 0 0
500 1 0 0 1 0 0 0 0 0
503 2 1 1 0 0 0 0 0 0
504 4 0 0 2 0 0 0 0 0
506 2 0 0 0 0 0 0 0 0
515 12 1 1 4 0 0 2 0 0
529 2 1 1 1 0 0 1 0 0
531 1 0 0 1 0 0 0 0 0
532 8 1 1 7 0 0 0 0 0
fn=_dl_allocate_tls_storage
321 2 0 0 1 0 0 0 0 0
322 3 2 2 0 0 0 1 0 0
323 2 0 0 0 0 0 0 0 0
326 1 0 0 0 0 0 1 1 1
332 2 0 0 0 0 0 1 0 0
354 3 1 1 0 0 0 3 0 0
356 1 0 0 1 0 0 0 0 0
367 3 0 0 1 0 0 1 0 0
368 2 0 0 0 0 0 0 0 0
375 2 0 0 0 0 0 0 0 0
379 297 0 0 0 0 0 289 36 36
396 5 0 0 4 0 0 0 0 0
fn=_dl_count_modids
115 2 1 1 1 0 0 0 0 0
116 2 0 0 2 0 0 0 0 0
fn=_dl_determine_tlsoffset
138 7 1 1 0 0 0 6 0 0
144 3 1 1 1 0 0 0 0 0
147 2 0 0 1 0 0 0 0 0
183 9 1 1 2 0 0 0 0 0
185 10 1 1 1 0 0 0 0 0
187 4 0 0 1 0 0 0 0 0
188 1 1 1 1 0 0 0 0 0
190 3 0 0 0 0 0 0 0 0
192 7 1 1 1 0 0 0 0 0
208 6 0 0 0 0 0 0 0 0
210 4 0 0 0 0 0 0 0 0
220 1 0 0 0 0 0 1 0 0
223 4 0 0 0 0 0 1 0 0
224 1 0 0 0 0 0 1 0 0
275 1 0 0 0 0 0 1 0 0
276 8 1 1 7 0 0 0 0 0
fn=_dl_next_tls_modid
49 1 1 1 0 0 0 0 0 0
52 4 0 0 2 0 0 0 0 0
100 1 0 0 0 0 0 1 0 0
104 2 0 0 1 0 0 0 0 0
fl=/build/glibc-GKVZIf/glibc-2.23/elf/dl-version.c
fn=_dl_check_all_versions
380 5 1 1 0 0 0 4 0 0
384 19 0 0 4 0 0 0 0 0
385 4 0 0 0 0 0 0 0 0
386 40 1 1 4 0 0 4 0 0
389 7 0 0 5 0 0 0 0 0
fn=_dl_check_map_versions
56 24 0 0 4 0 0 0 0 0
57 5 0 0 5 0 0 0 0 0
58 37 1 1 0 0 0 7 0 0
174 36 0 0 0 0 0 24 0 0
175 2 0 0 0 0 0 0 0 0
183 2 0 0 0 0 0 0 0 0
189 12 1 1 4 0 0 0 0 0
190 2 0 0 0 0 0 0 0 0
191 8 0 0 4 0 0 4 0 0
193 8 0 0 4 1 0 4 0 0
194 16 1 1 4 1 0 12 0 0
196 8 0 0 0 0 0 0 0 0
199 6 0 0 4 0 0 2 0 0
203 10 1 1 2 2 2 0 0 0
220 4 0 0 4 0 0 0 0 0
228 6 0 0 2 0 0 0 0 0
233 16 0 0 4 0 0 0 0 0
237 95 2 2 51 2 2 10 0 0
244 30 0 0 15 0 0 0 0 0
247 15 0 0 5 0 0 0 0 0
252 3 0 0 0 0 0 0 0 0
256 12 1 1 4 0 0 0 0 0
270 8 1 1 4 0 0 0 0 0
273 8 0 0 6 0 0 0 0 0
276 120 0 0 30 5 5 0 0 0
279 90 0 0 30 2 2 0 0 0
283 28 0 0 0 0 0 0 0 0
287 9 1 1 0 0 0 0 0 0
292 3 0 0 0 0 0 3 0 0
293 12 0 0 0 0 0 3 0 0
294 6 0 0 0 0 0 0 0 0
302 3 0 0 0 0 0 3 0 0
305 9 1 1 6 0 0 3 1 0
307 9 0 0 3 0 0 0 0 0
310 8 0 0 6 0 0 0 0 0
314 6 0 0 2 0 0 0 0 0
317 15 1 1 5 0 0 0 0 0
319 15 0 0 0 0 0 0 0 0
321 25 0 0 5 0 0 5 0 0
322 15 0 0 0 0 0 5 4 4
323 15 0 0 5 0 0 5 0 0
324 15 1 1 5 0 0 5 0 0
327 15 0 0 5 0 0 0 0 0
332 3 0 0 0 0 0 0 0 0
335 6 0 0 2 0 0 0 0 0
345 9 0 0 3 0 0 0 0 0
348 8 0 0 6 0 0 0 0 0
352 28 0 0 28 0 0 0 0 0
354 60 0 0 30 0 0 0 0 0
359 168 0 0 56 0 0 28 8 8
360 84 0 0 28 0 0 28 0 0
361 28 0 0 0 0 0 28 3 3
364 90 0 0 30 0 0 0 0 0
368 28 0 0 0 0 0 0 0 0
374 35 2 2 28 0 0 0 0 0
fn=match_symbol
76 65 1 1 0 0 0 40 0 0
77 10 0 0 10 0 0 0 0 0
85 10 1 1 5 0 0 0 0 0
91 15 0 0 5 1 0 0 0 0
106 5 0 0 5 0 0 0 0 0
107 10 0 0 0 0 0 0 0 0
109 5 0 0 5 0 0 0 0 0
114 58 1 1 29 7 7 0 0 0
128 58 0 0 29 1 1 0 0 0
133 35 2 2 10 0 0 5 0 0
140 72 0 0 24 2 2 0 0 0
144 24 0 0 0 0 0 0 0 0
168 40 0 0 35 0 0 0 0 0
fl=/build/glibc-GKVZIf/glibc-2.23/elf/do-rel.h
fn=_dl_relocate_object
47 24 0 0 8 0 0 8 0 0
48 8 0 0 8 0 0 0 0 0
58 24 0 0 8 1 0 0 0 0
61 78 1 1 0 0 0 0 0 0
63 84 1 1 21 8 8 0 0 0
65 26 0 0 0 0 0 0 0 0
74 6 0 0 0 0 0 0 0 0
75 46 1 1 17 0 0 0 0 0
76 16 0 0 8 0 0 0 0 0
83 10 0 0 5 0 0 5 0 0
84 5 1 1 5 0 0 0 0 0
86 15 0 0 5 0 0 0 0 0
98 15 0 0 0 0 0 0 0 0
108 9 2 2 1 1 1 0 0 0
111 3584 0 0 0 0 0 0 0 0
112 2384 0 0 1192 0 0 0 0 0
118 15 1 1 5 1 0 0 0 0
121 8 0 0 4 2 0 4 0 0
124 296 1 1 99 0 0 3 0 0
127 368 1 1 92 24 21 0 0 0
129 8 0 0 0 0 0 0 0 0
136 368 0 0 184 44 43 0 0 0
137 593 1 1 92 0 0 92 0 0
138 92 0 0 92 0 0 0 0 0
139 184 0 0 92 0 0 0 0 0
143 6 0 0 0 0 0 0 0 0
160 24 2 2 8 0 0 3 0 0
162 20 1 1 5 2 2 0 0 0
170 30 0 0 5 0 0 5 0 0
171 10 0 0 10 0 0 0 0 0
174 2 0 0 0 0 0 0 0 0
fn=_dl_start
83 1 0 0 1 0 0 0 0 0
84 1 0 0 1 0 0 0 0 0
111 33 0 0 0 0 0 0 0 0
112 20 1 1 10 2 2 0 0 0
116 2 0 0 1 0 0 0 0 0
124 22 1 1 0 0 0 0 0 0
136 6 0 0 6 2 2 0 0 0
137 36 0 0 6 0 0 0 0 0
fl=/build/glibc-GKVZIf/glibc-2.23/elf/get-dynamic-info.h
fn=_dl_map_object_from_fd
39 4 0 0 0 0 0 0 0 0
43 2 0 0 0 0 0 0 0 0
45 141 1 1 47 13 13 0 0 0
47 90 1 1 0 0 0 0 0 0
60 42 0 0 0 0 0 0 0 0
61 71 0 0 0 0 0 43 11 11
62 8 0 0 0 0 0 0 0 0
64 2 0 0 0 0 0 0 0 0
65 10 1 1 0 0 0 0 0 0
67 2 0 0 0 0 0 0 0 0
68 10 1 1 0 0 0 0 0 0
70 10 0 0 0 0 0 2 0 0
71 45 0 0 0 0 0 0 0 0
78 4 0 0 0 0 0 0 0 0
98 7 0 0 3 0 0 0 0 0
99 8 0 0 4 0 0 0 0 0
100 8 1 1 4 0 0 0 0 0
101 8 0 0 4 0 0 0 0 0
103 8 0 0 4 0 0 0 0 0
108 8 0 0 4 0 0 0 0 0
109 7 0 0 3 1 1 0 0 0
110 8 1 1 4 0 0 0 0 0
116 6 0 0 2 0 0 0 0 0
121 4 0 0 2 0 0 0 0 0
128 4 0 0 2 0 0 0 0 0
129 6 1 1 4 0 0 0 0 0
145 6 0 0 2 0 0 0 0 0
150 2 0 0 1 0 0 1 0 0
152 2 0 0 0 0 0 0 0 0
154 2 0 0 0 0 0 0 0 0
156 2 0 0 0 0 0 0 0 0
159 6 1 1 2 0 0 0 0 0
161 4 0 0 1 0 0 1 0 0
169 2 0 0 1 0 0 0 0 0
174 2 0 0 0 0 0 0 0 0
177 4 1 1 2 0 0 0 0 0
fn=_dl_start
45 57 0 0 19 6 6 0 0 0
47 36 0 0 0 0 0 0 0 0
48 26 0 0 0 0 0 13 4 4
60 21 1 1 0 0 0 0 0 0
61 18 0 0 0 0 0 4 3 3
62 4 2 2 0 0 0 0 0 0
64 1 0 0 0 0 0 0 0 0
65 5 0 0 0 0 0 0 0 0
67 2 0 0 0 0 0 0 0 0
68 5 1 1 0 0 0 0 0 0
70 6 2 2 0 0 0 1 1 1
71 18 0 0 0 0 0 0 0 0
78 2 0 0 0 0 0 0 0 0
98 4 0 0 2 0 0 0 0 0
99 4 1 1 2 0 0 0 0 0
100 4 0 0 2 0 0 0 0 0
101 4 0 0 2 0 0 0 0 0
103 4 0 0 2 0 0 0 0 0
108 4 1 1 2 0 0 0 0 0
109 4 0 0 2 0 0 0 0 0
110 4 0 0 2 0 0 0 0 0
116 3 0 0 1 0 0 0 0 0
121 2 1 1 1 0 0 0 0 0
128 3 0 0 1 0 0 0 0 0
129 3 0 0 2 0 0 0 0 0
137 3 0 0 1 0 0 0 0 0
139 3 1 1 1 0 0 0 0 0
142 2 0 0 1 0 0 0 0 0
143 2 0 0 1 0 0 0 0 0
fn=dl_main
30 1 0 0 1 0 0 0 0 0
39 2 0 0 0 0 0 0 0 0
43 1 0 0 0 0 0 0 0 0
45 72 0 0 24 7 7 0 0 0
47 46 0 0 0 0 0 0 0 0
60 17 0 0 0 0 0 0 0 0
61 33 0 0 0 0 0 22 6 6
62 4 1 1 0 0 0 0 0 0
64 1 0 0 0 0 0 0 0 0
65 5 1 1 0 0 0 0 0 0
67 1 1 1 0 0 0 0 0 0
68 5 1 1 0 0 0 0 0 0
70 5 0 0 0 0 0 1 0 0
71 23 0 0 0 0 0 0 0 0
78 3 0 0 1 0 0 0 0 0
116 3 1 1 1 0 0 0 0 0
121 2 0 0 1 0 0 0 0 0
128 2 0 0 1 0 0 0 0 0
129 3 1 1 2 0 0 0 0 0
145 3 0 0 1 0 0 0 0 0
159 3 1 1 1 0 0 0 0 0
177 2 1 1 1 0 0 0 0 0
fl=/build/glibc-GKVZIf/glibc-2.23/elf/rtld.c
fn=_dl_initial_error_catch_tsd
648 8 0 0 4 0 0 0 0 0
fn=_dl_start
286 2 1 1 0 0 0 1 1 1
287 2 0 0 0 0 0 1 0 0
288 2 0 0 0 0 0 1 1 1
289 2 1 1 0 0 0 1 0 0
290 2 0 0 0 0 0 1 0 0
298 5 0 0 0 0 0 1 1 1
301 1 0 0 0 0 0 1 0 0
307 4 1 0 0 0 0 1 0 0
316 1 0 0 0 0 0 0 0 0
319 5 1 0 1 1 0 1 1 0
323 2 0 0 1 0 0 0 0 0
337 9 1 1 0 0 0 6 1 1
355 5 0 0 0 0 0 1 1 1
378 1 0 0 0 0 0 1 0 0
381 1 1 1 0 0 0 1 1 1
392 2 0 0 0 0 0 0 0 0
397 26 2 2 9 0 0 0 0 0
399 1 0 0 1 1 1 0 0 0
424 9 0 0 7 1 0 0 0 0
fn=dl_main
703 1 0 0 1 0 0 0 0 0
705 3 0 0 1 0 0 1 0 0
714 1 0 0 0 0 0 1 0 0
716 1 0 0 0 0 0 1 0 0
721 1 1 1 0 0 0 1 0 0
738 12 2 2 0 0 0 7 2 2
747 1 0 0 0 0 0 0 0 0
753 1 0 0 0 0 0 1 0 0
757 2 0 0 0 0 0 1 0 0
760 2 0 0 0 0 0 1 1 1
764 2 0 0 0 0 0 1 1 1
765 2 1 1 0 0 0 1 0 0
770 2 0 0 0 0 0 1 0 0
780 3 1 1 1 0 0 0 0 0
981 8 1 1 0 0 0 1 0 0
983 2 0 0 0 0 0 0 0 0
984 1 0 0 0 0 0 1 0 0
985 2 1 1 1 0 0 1 0 0
986 2 0 0 1 0 0 1 0 0
990 3 0 0 0 0 0 1 0 0
991 3 0 0 1 0 0 0 0 0
1012 1 0 0 0 0 0 1 1 1
1013 1 1 1 0 0 0 1 0 0
1015 1 0 0 0 0 0 1 0 0
1017 1 0 0 1 0 0 0 0 0
1020 35 0 0 1 0 0 0 0 0
1021 71 1 1 9 5 5 0 0 0
1025 3 1 1 1 0 0 1 0 0
1026 1 0 0 0 0 0 0 0 0
1030 3 1 1 2 0 0 1 0 0
1031 1 0 0 0 0 0 0 0 0
1039 1 0 0 0 0 0 1 1 1
1040 2 0 0 2 1 1 0 0 0
1042 3 1 1 0 0 0 1 0 0
1049 2 0 0 1 0 0 0 0 0
1067 1 0 0 0 0 0 0 0 0
1075 8 0 0 2 0 0 0 0 0
1076 7 2 2 3 1 1 0 0 0
1077 4 1 1 2 0 0 0 0 0
1078 1 0 0 0 0 0 1 0 0
1081 4 0 0 2 1 1 0 0 0
1082 4 0 0 2 0 0 0 0 0
1083 2 0 0 0 0 0 2 0 0
1084 6 0 0 3 0 0 0 0 0
1085 2 0 0 0 0 0 1 0 0
1112 2 0 0 1 0 0 1 0 0
1113 1 0 0 0 0 0 0 0 0
1116 2 1 1 1 0 0 1 0 0
1117 2 0 0 1 0 0 1 0 0
1118 1 0 0 0 0 0 0 0 0
1123 5 1 1 3 1 1 0 0 0
1126 2 0 0 0 0 0 0 0 0
1128 2 0 0 0 0 0 0 0 0
1130 3 1 1 1 0 0 0 0 0
1143 3 0 0 1 0 0 0 0 0
1144 8 0 0 4 0 0 1 0 0
1149 1 0 0 0 0 0 1 0 0
1151 1 1 1 0 0 0 1 1 1
1152 1 0 0 0 0 0 1 0 0
1154 2 0 0 1 0 0 0 0 0
1155 2 0 0 0 0 0 1 0 0
1159 2 0 0 1 0 0 0 0 0
1161 2 1 1 0 0 0 0 0 0
1166 2 0 0 0 0 0 1 0 0
1169 2 0 0 1 0 0 0 0 0
1185 3 2 2 0 0 0 1 0 0
1191 9 1 1 1 0 0 2 0 0
1196 2 1 1 1 0 0 1 0 0
1199 4 1 1 1 0 0 1 0 0
1201 1 0 0 0 0 0 1 0 0
1206 2 0 0 1 0 0 0 0 0
1209 3 0 0 2 0 0 1 0 0
1210 4 1 1 1 0 0 1 0 0
1211 2 0 0 0 0 0 1 0 0
1212 1 0 0 0 0 0 1 0 0
1213 1 0 0 1 0 0 0 0 0
1214 1 0 0 1 0 0 0 0 0
1219 2 0 0 1 0 0 0 0 0
1220 5 0 0 1 0 0 1 0 0
1237 2 1 1 1 1 1 0 0 0
1238 2 0 0 1 0 0 0 0 0
1240 4 0 0 1 0 0 0 0 0
1242 2 1 1 0 0 0 1 0 0
1243 4 0 0 1 0 0 1 1 1
1248 3 0 0 0 0 0 0 0 0
1249 5 0 0 1 1 1 0 0 0
1251 2 0 0 1 0 0 1 1 1
1252 2 1 1 1 0 0 1 0 0
1257 2 0 0 1 0 0 0 0 0
1262 3 0 0 1 0 0 0 0 0
1439 2 0 0 0 0 0 2 0 0
1447 3 1 1 1 0 0 0 0 0
1450 1 0 0 0 0 0 1 0 0
1454 3 0 0 1 0 0 0 0 0
1459 1 0 0 0 0 0 1 0 0
1460 1 0 0 0 0 0 1 0 0
1461 1 0 0 0 0 0 0 0 0
1465 3 0 0 1 0 0 0 0 0
1480 3 1 1 2 0 0 0 0 0
1481 1 1 1 0 0 0 0 0 0
1482 1 0 0 0 0 0 0 0 0
1484 3 0 0 1 0 0 0 0 0
1491 11 2 2 0 0 0 3 0 0
1494 6 0 0 0 0 0 0 0 0
1497 12 0 0 0 0 0 2 0 0
1498 2 0 0 1 0 0 0 0 0
1499 3 1 1 1 0 0 0 0 0
1501 6 0 0 0 0 0 1 0 0
1503 1 1 1 0 0 0 0 0 0
1505 6 0 0 1 0 0 0 0 0
1515 5 0 0 0 0 0 1 0 0
1592 4 0 0 2 0 0 0 0 0
1596 8 1 1 0 0 0 0 0 0
1597 1 0 0 0 0 0 0 0 0
1600 3 0 0 0 0 0 1 0 0
1601 1 0 0 1 0 0 0 0 0
1602 2 0 0 0 0 0 0 0 0
1603 3 1 1 0 0 0 0 0 0
1609 5 0 0 0 0 0 0 0 0
1610 8 0 0 1 0 0 1 0 0
1611 1 0 0 0 0 0 0 0 0
1613 6 1 1 1 0 0 1 0 0
1616 13 1 1 2 0 0 0 0 0
1617 16 0 0 8 0 0 0 0 0
1620 3 0 0 2 0 0 1 0 0
1621 3 0 0 1 0 0 0 0 0
1622 1 1 1 0 0 0 1 0 0
1624 10 0 0 0 0 0 0 0 0
1625 11 1 1 4 0 0 0 0 0
1635 2 1 1 0 0 0 1 0 0
1637 2 0 0 1 0 0 1 0 0
1638 3 0 0 1 0 0 0 0 0
1640 2 0 0 0 0 0 1 0 0
1642 3 1 1 0 0 0 0 0 0
1644 3 0 0 1 0 0 0 0 0
1645 1 0 0 1 0 0 0 0 0
1658 2 0 0 0 0 0 0 0 0
1659 2 1 1 0 0 0 1 0 0
1660 3 0 0 1 0 0 0 0 0
1671 5 0 0 1 0 0 1 0 0
1672 1 0 0 0 0 0 1 1 0
1673 5 1 1 0 0 0 1 0 0
1683 2 0 0 1 0 0 1 0 0
1684 2 0 0 1 0 0 0 0 0
1685 2 1 1 0 0 0 2 0 0
1687 2 0 0 1 0 0 0 0 0
1692 3 0 0 1 0 0 0 0 0
1922 3 0 0 1 1 1 0 0 0
1978 2 1 1 0 0 0 1 0 0
1982 4 0 0 2 0 0 2 0 0
1986 2 0 0 1 0 0 1 0 0
1989 2 1 1 1 0 0 0 0 0
2043 3 1 1 1 0 0 0 0 0
2050 1 0 0 1 0 0 0 0 0
2052 7 1 1 1 0 0 1 0 0
2054 11 1 1 0 0 0 0 0 0
2056 12 0 0 8 1 0 0 0 0
2061 8 0 0 8 0 0 0 0 0
2063 10 0 0 0 0 0 0 0 0
2065 1 1 1 0 0 0 1 0 0
2066 1 1 1 1 0 0 0 0 0
2069 4 0 0 4 0 0 0 0 0
2071 9 0 0 0 0 0 0 0 0
2072 24 0 0 6 2 0 3 0 0
2076 14 0 0 5 1 0 0 0 0
2077 3 0 0 0 0 0 1 0 0
2079 1 0 0 0 0 0 0 0 0
2081 6 0 0 1 0 0 1 0 0
2087 2 0 0 1 0 0 0 0 0
2092 4 1 1 2 0 0 0 0 0
2094 1 0 0 1 0 0 0 0 0
2099 3 0 0 1 0 0 1 0 0
2102 2 0 0 1 0 0 0 0 0
2111 3 1 1 2 0 0 0 0 0
2113 2 0 0 1 0 0 0 0 0
2128 5 0 0 0 0 0 0 0 0
2130 1 1 1 1 0 0 0 0 0
2131 5 0 0 1 0 0 1 0 0
2132 1 0 0 0 0 0 0 0 0
2134 6 0 0 1 0 0 1 0 0
2142 1 1 1 0 0 0 1 0 0
2146 3 0 0 1 0 0 0 0 0
2166 4 0 0 0 0 0 1 0 0
2167 1 0 0 0 0 0 1 0 0
2168 1 0 0 0 0 0 1 0 0
2169 1 0 0 0 0 0 0 0 0
2173 1 0 0 0 0 0 1 0 0
2178 8 0 0 7 2 0 0 0 0
2346 2 0 0 1 0 0 1 1 1
2348 1 0 0 0 0 0 1 0 0
2349 1 0 0 0 0 0 0 0 0
2353 13 1 1 1 0 0 4 0 0
2355 15 0 0 3 0 0 3 1 1
2359 107 1 1 21 0 0 0 0 0
2360 19 0 0 0 0 0 0 0 0
2362 4 0 0 0 0 0 0 0 0
2368 14 1 1 2 1 1 0 0 0
2389 6 1 1 0 0 0 1 0 0
2396 6 1 1 0 0 0 1 0 0
2398 3 1 1 0 0 0 1 0 0
2442 6 2 2 0 0 0 1 0 0
2444 3 0 0 0 0 0 1 1 1
2514 3 0 0 1 0 0 0 0 0
2544 3 0 0 1 0 0 0 0 0
fn=do_preload
654 6 1 1 0 0 0 3 0 0
656 1 1 1 0 0 0 1 0 0
660 1 0 0 0 0 0 1 0 0
661 1 0 0 0 0 0 1 0 0
662 1 0 0 0 0 0 1 0 0
664 1 0 0 1 0 0 0 0 0
666 6 0 0 0 0 0 1 0 0
667 3 0 0 1 0 0 0 0 0
677 3 1 1 1 0 0 0 0 0
681 5 0 0 4 0 0 0 0 0
fn=init_tls
573 2 0 0 0 0 0 1 0 0
575 2 0 0 1 0 0 1 0 0
579 2 0 0 1 0 0 0 0 0
588 1 0 0 0 0 0 1 0 0
589 4 0 0 0 0 0 1 0 0
594 1 0 0 0 0 0 0 0 0
595 2 0 0 0 0 0 1 0 0
596 1 0 0 0 0 0 1 0 0
600 2 1 1 1 1 1 0 0 0
601 1 0 0 0 0 0 0 0 0
602 11 1 1 1 0 0 0 0 0
603 8 0 0 4 0 0 0 0 0
604 8 0 0 4 1 0 0 0 0
608 3 0 0 0 0 0 1 1 1
610 1 0 0 0 0 0 0 0 0
612 3 0 0 0 0 0 0 0 0
615 1 1 1 0 0 0 1 0 0
622 2 0 0 0 0 0 1 0 0
623 2 0 0 0 0 0 0 0 0
629 2 1 1 1 0 0 1 0 0
632 7 0 0 0 0 0 2 0 0
635 1 1 1 0 0 0 1 0 0
637 1 0 0 0 0 0 0 0 0
638 2 0 0 2 0 0 0 0 0
fn=map_doit
480 2 1 1 0 0 0 1 0 0
482 1 0 0 1 0 0 0 0 0
483 9 0 0 2 0 0 2 0 0
485 2 0 0 2 0 0 0 0 0
fn=rtld_lock_default_lock_recursive
688 10 1 1 10 2 1 0 0 0
fn=rtld_lock_default_unlock_recursive
694 10 0 0 10 1 0 0 0 0
fn=version_check_doit
513 2 1 1 0 0 0 1 0 0
515 6 0 0 2 0 0 1 0 0
519 2 0 0 2 0 0 0 0 0
fl=/build/glibc-GKVZIf/glibc-2.23/elf/setup-vdso.h
fn=dl_main
24 2 0 0 1 0 0 0 0 0
fl=/build/glibc-GKVZIf/glibc-2.23/io/../sysdeps/unix/syscall-template.S
fn=__read_nocancel
84 20 0 0 4 0 0 0 0 0
fn=__write_nocancel
84 20 0 0 4 0 0 0 0 0
fn=access
84 12 1 1 0 0 0 0 0 0
86 15 1 1 3 0 0 3 0 0
fn=close
84 12 0 0 0 0 0 0 0 0
85 3 0 0 3 0 0 0 0 0
fn=open
84 28 1 1 0 0 0 0 0 0
85 3 0 0 3 0 0 0 0 0
86 20 0 0 4 0 0 4 0 0
fn=read
84 16 1 1 4 0 0 0 0 0
85 2 0 0 2 0 0 0 0 0
fn=write
84 8 1 1 4 0 0 0 0 0
fl=/build/glibc-GKVZIf/glibc-2.23/io/../sysdeps/unix/sysv/linux/wordsize-64/fxstat.c
fn=_fxstat
33 5 0 0 0 0 0 0 0 0
34 10 2 2 0 0 0 0 0 0
35 30 1 1 0 0 0 0 0 0
39 5 0 0 5 0 0 0 0 0
fl=/build/glibc-GKVZIf/glibc-2.23/io/../sysdeps/unix/sysv/linux/wordsize-64/xstat.c
fn=_xstat
33 4 0 0 0 0 0 0 0 0
34 8 1 1 0 0 0 0 0 0
35 36 0 0 3 0 0 3 0 0
39 1 0 0 1 0 0 0 0 0
fl=/build/glibc-GKVZIf/glibc-2.23/libio/filedoalloc.c
fn=_IO_file_doallocate
95 10 1 1 0 0 0 6 0 0
110 16 1 1 6 0 0 2 1 0
112 8 0 0 2 1 0 0 0 0
115 18 1 1 0 0 0 0 0 0
117 2 1 1 2 0 0 0 0 0
120 4 0 0 2 0 0 0 0 0
123 6 0 0 2 0 0 0 0 0
127 6 0 0 0 0 0 2 0 0
128 4 0 0 0 0 0 0 0 0
129 2 0 0 0 0 0 0 0 0
130 8 0 0 0 0 0 2 0 0
131 2 0 0 0 0 0 0 0 0
132 10 0 0 8 1 0 0 0 0
fl=/build/glibc-GKVZIf/glibc-2.23/libio/fileops.c
fn=_IO_do_write@@GLIBC_2.2.5
492 32 0 0 0 0 0 16 0 0
494 37 1 1 0 0 0 0 0 0
495 27 0 0 23 0 0 0 0 0
503 8 0 0 4 0 0 0 0 0
510 16 0 0 8 0 0 0 0 0
518 24 2 1 8 1 0 4 0 0
519 20 1 1 4 0 0 0 0 0
521 16 0 0 4 0 0 12 0 0
522 8 0 0 0 0 0 8 0 0
523 4 0 0 0 0 0 4 0 0
524 8 1 1 4 0 0 0 0 0
525 12 0 0 4 0 0 0 0 0
fn=_IO_file_overflow@@GLIBC_2.2.5
807 300 0 0 0 0 0 180 0 0
808 180 1 1 60 0 0 0 0 0
815 356 0 0 118 0 0 0 0 0
818 2 1 1 1 0 0 0 0 0
820 2 1 1 0 0 0 1 0 0
821 6 0 0 2 0 0 3 0 0
830 2 0 0 0 0 0 0 0 0
839 4 0 0 2 0 0 0 0 0
841 1 0 0 0 0 0 1 0 0
842 2 0 0 0 0 0 1 0 0
843 1 0 0 0 0 0 1 0 0
844 2 1 1 0 0 0 2 0 0
846 3 0 0 0 0 0 1 0 0
847 5 0 0 1 1 0 0 0 0
848 2 0 0 0 0 0 1 0 0
850 120 1 1 0 0 0 0 0 0
851 18 1 1 0 0 0 0 0 0
853 108 0 0 54 0 0 0 0 0
856 162 0 0 0 0 0 108 0 0
857 162 0 0 54 0 0 0 0 0
858 216 0 0 0 0 0 0 0 0
859 6 1 1 1 0 0 1 0 0
860 1 0 0 1 0 0 0 0 0
862 54 0 0 0 0 0 0 0 0
863 234 0 0 234 0 0 0 0 0
fn=_IO_file_read
1216 16 1 1 8 0 0 0 0 0
fn=_IO_file_seek
1223 2 1 1 1 0 0 0 0 0
fn=_IO_file_setbuf@@GLIBC_2.2.5
450 4 1 1 0 0 0 2 0 0
451 6 0 0 0 0 0 2 0 0
454 4 0 0 0 0 0 4 0 0
455 4 0 0 2 0 0 2 0 0
456 6 1 1 0 0 0 6 0 0
458 2 0 0 0 0 0 0 0 0
459 4 0 0 4 0 0 0 0 0
fn=_IO_file_stat
1229 2 1 1 0 0 0 0 0 0
1230 6 0 0 2 0 0 0 0 0
fn=_IO_file_sync@@GLIBC_2.2.5
868 4 1 1 0 0 0 2 0 0
873 8 0 0 4 0 0 0 0 0
875 2 1 1 2 0 0 0 0 0
876 4 0 0 2 0 0 0 0 0
882 4 1 1 2 0 0 1 0 0
883 2 0 0 0 0 0 0 0 0
886 3 0 0 2 0 0 0 0 0
893 4 0 0 0 0 0 2 0 0
897 4 0 0 4 0 0 0 0 0
fn=_IO_file_underflow@@GLIBC_2.2.5
531 16 0 0 0 0 0 8 0 0
539 12 1 1 4 0 0 0 0 0
545 12 0 0 8 0 0 0 0 0
548 8 0 0 4 0 0 0 0 0
551 3 1 1 1 0 0 0 0 0
556 4 1 1 1 0 0 1 0 0
561 8 1 1 0 0 0 0 0 0
571 76 1 1 44 0 0 4 0 0
573 12 1 1 0 0 0 0 0 0
575 16 1 1 8 0 0 4 0 0
581 8 0 0 0 0 0 4 0 0
587 12 1 1 4 0 0 8 0 0
588 4 0 0 0 0 0 4 0 0
589 8 0 0 0 0 0 8 0 0
590 4 0 0 0 0 0 4 0 0
592 20 0 0 12 0 0 4 0 0
594 8 0 0 0 0 0 0 0 0
601 4 0 0 4 0 0 0 0 0
610 12 0 0 4 0 0 0 0 0
612 8 0 0 8 0 0 0 0 0
613 16 0 0 12 0 0 0 0 0
fn=_IO_file_write@@GLIBC_2.2.5
1256 24 0 0 0 0 0 20 0 0
1258 40 2 1 0 0 0 0 0 0
1262 8 1 1 0 0 0 0 0 0
1263 24 1 1 8 0 0 4 0 0
1264 8 0 0 0 0 0 0 0 0
1269 4 0 0 0 0 0 0 0 0
1270 4 0 0 0 0 0 0 0 0
1273 12 0 0 4 0 0 0 0 0
1276 24 0 0 24 0 0 0 0 0
fn=_IO_file_xsputn@@GLIBC_2.2.5
1280 40 0 0 0 0 0 24 1 0
1286 10 0 0 0 0 0 0 0 0
1287 5 1 1 0 0 0 0 0 0
1293 16 1 1 4 0 0 0 0 0
1295 9 1 1 6 1 0 0 0 0
1296 6 0 0 0 0 0 0 0 0
1299 145 1 1 0 0 0 0 0 0
1301 202 0 0 67 0 0 0 0 0
1303 1 1 1 0 0 0 0 0 0
1310 4 0 0 2 1 1 0 0 0
1314 8 0 0 0 0 0 0 0 0
1319 15 0 0 0 0 0 6 0 0
1324 3 0 0 0 0 0 0 0 0
1325 9 0 0 0 0 0 0 0 0
1327 6 0 0 0 0 0 0 0 0
1331 13 3 3 4 1 0 2 0 0
1337 4 0 0 4 0 0 0 0 0
1338 14 1 1 0 0 0 0 0 0
1340 6 0 0 0 0 0 0 0 0
1351 4 0 0 0 0 0 0 0 0
1352 6 0 0 0 0 0 1 0 0
1354 8 0 0 0 0 0 0 0 0
1355 33 0 0 29 1 0 0 0 0
fl=/build/glibc-GKVZIf/glibc-2.23/libio/genops.c
fn=_IO_cleanup
888 12 0 0 4 0 0 0 0 0
890 6 1 1 3 1 0 0 0 0
892 8 0 0 2 0 0 0 0 0
898 31 2 2 11 0 0 4 0 0
906 10 0 0 4 0 0 0 0 0
908 4 0 0 0 0 0 2 0 0
910 4 0 0 2 0 0 2 0 0
911 2 0 0 0 0 0 2 0 0
912 4 0 0 2 0 0 2 0 0
915 10 0 0 4 0 0 2 0 0
917 6 0 0 2 0 0 0 0 0
921 10 1 1 2 0 0 0 0 0
922 16 1 1 6 0 0 2 0 0
928 3 1 1 0 0 0 3 0 0
948 5 1 1 0 0 0 4 0 0
951 3 0 0 0 0 0 1 0 0
963 7 0 0 5 0 0 0 0 0
fn=_IO_default_setbuf
381 10 1 1 2 0 0 0 0 0
383 2 0 0 0 0 0 2 0 0
384 2 0 0 0 0 0 2 0 0
388 4 0 0 0 0 0 2 0 0
522 12 1 1 0 0 0 6 0 0
523 8 0 0 4 0 0 2 0 0
525 4 0 0 0 0 0 0 0 0
527 4 0 0 0 0 0 2 0 0
528 4 1 1 0 0 0 0 0 0
532 4 1 1 2 0 0 0 0 0
535 6 0 0 0 0 0 6 0 0
536 6 0 0 0 0 0 6 0 0
537 2 0 0 0 0 0 0 0 0
538 8 0 0 8 0 0 0 0 0
fn=_IO_default_uflow
412 8 0 0 0 0 0 4 0 0
413 8 2 1 8 0 0 4 0 0
414 8 1 0 0 0 0 0 0 0
416 16 0 0 8 0 0 4 0 0
417 8 0 0 8 0 0 0 0 0
fn=_IO_default_xsputn
422 10 0 0 0 0 0 5 0 0
425 2 1 1 0 0 0 0 0 0
430 184 1 1 92 0 0 0 0 0
455 497 1 1 135 3 0 45 0 0
457 45 0 0 0 0 0 0 0 0
459 2 1 1 0 0 0 0 0 0
460 6 0 0 6 0 0 0 0 0
fn=_IO_doallocbuf
394 6 0 0 0 0 0 6 1 0
395 4 1 1 2 0 0 0 0 0
397 8 0 0 2 0 0 0 0 0
398 10 1 1 4 1 0 2 0 0
401 8 0 0 8 1 0 0 0 0
fn=_IO_flush_all_lockp
760 8 1 1 0 0 0 6 0 0
766 4 1 1 0 0 0 0 0 0
771 1 0 0 1 1 1 0 0 0
772 1 1 1 1 1 0 0 0 0
773 8 1 1 0 0 0 0 0 0
775 3 0 0 0 0 0 3 0 0
776 6 0 0 0 0 0 0 0 0
777 2 0 0 1 0 0 0 0 0
779 21 2 2 9 3 1 0 0 0
789 6 1 1 0 0 0 0 0 0
791 3 0 0 0 0 0 3 0 0
793 11 1 1 3 0 0 0 0 0
800 3 0 0 3 2 0 0 0 0
804 2 0 0 0 0 0 0 0 0
806 2 0 0 0 0 0 0 0 0
810 9 0 0 7 0 0 0 0 0
fn=_IO_setb
380 6 1 1 0 0 0 2 0 0
381 8 1 1 4 2 0 0 0 0
383 2 0 0 0 0 0 2 0 0
384 2 0 0 0 0 0 2 0 0
386 12 0 0 0 0 0 2 0 0
389 6 0 0 4 0 0 0 0 0
fn=_IO_sputbackc
673 16 1 1 0 0 0 8 0 0
676 24 0 0 16 0 0 0 0 0
677 32 0 0 8 0 0 0 0 0
679 24 1 1 0 0 0 8 0 0
686 8 0 0 8 0 0 0 0 0
689 16 0 0 16 0 0 0 0 0
fn=_IO_switch_to_get_mode
175 8 0 0 0 0 0 4 0 0
176 12 1 1 8 0 0 0 0 0
179 12 0 0 4 0 0 0 0 0
183 8 1 1 4 0 0 4 0 0
184 8 0 0 4 0 0 0 0 0
187 4 0 0 0 0 0 4 0 0
189 8 0 0 0 0 0 8 0 0
191 8 0 0 0 0 0 4 0 0
192 4 0 0 0 0 0 0 0 0
193 8 0 0 8 0 0 0 0 0
fn=__overflow
230 27 1 1 9 0 0 0 0 0
232 27 0 0 18 1 0 0 0 0
fn=__uflow
348 4 1 1 0 0 0 4 0 0
350 20 1 1 4 0 0 0 0 0
356 24 0 0 12 0 0 0 0 0
359 8 0 0 0 0 0 0 0 0
361 8 0 0 0 0 0 0 0 0
367 8 0 0 4 0 0 0 0 0
372 12 1 1 4 1 1 0 0 0
374 16 0 0 8 1 0 0 0 0
375 4 0 0 4 0 0 0 0 0
fl=/build/glibc-GKVZIf/glibc-2.23/libio/ioputs.c
fn=puts
33 4 1 1 0 0 0 3 0 0
35 2 0 0 0 0 0 1 0 0
36 18 2 2 10 0 0 1 0 0
38 2 1 1 0 0 0 0 0 0
39 3 0 0 1 0 0 0 0 0
40 6 0 0 2 0 0 1 0 0
41 8 3 3 3 0 0 1 0 0
42 4 0 0 0 0 0 0 0 0
46 5 0 0 4 0 0 0 0 0
fl=/build/glibc-GKVZIf/glibc-2.23/libio/libioP.h
fn=_IO_file_underflow@@GLIBC_2.2.5
866 8 0 0 4 0 0 0 0 0
867 36 1 1 16 0 0 4 0 0
fn=puts
866 2 0 0 1 0 0 0 0 0
867 8 0 0 4 0 0 1 0 0
fl=/build/glibc-GKVZIf/glibc-2.23/malloc/arena.c
fn=malloc_hook_ini
385 3 0 0 1 1 1 0 0 0
fn=ptmalloc_init.part.7
346 210 0 0 70 10 0 0 0 0
348 138 0 0 69 33 0 0 0 0
349 2 0 0 1 0 0 0 0 0
350 2 0 0 1 0 0 0 0 0
364 69 0 0 0 0 0 0 0 0
383 6 1 1 0 0 0 5 1 0
388 1 0 0 0 0 0 1 0 0
396 2 1 1 1 0 0 0 0 0
397 7 1 1 0 0 0 1 1 0
398 4 0 0 2 0 0 0 0 0
402 3 0 0 1 1 0 1 1 0
403 12 1 1 1 1 0 6 2 2
405 5 1 1 2 2 0 0 0 0
421 2 0 0 0 0 0 0 0 0
466 2 1 1 0 0 0 0 0 0
472 2 0 0 2 1 0 0 0 0
473 2 0 0 0 0 0 0 0 0
475 1 0 0 0 0 0 1 1 0
476 7 0 0 6 1 0 0 0 0
fn=sysmalloc
622 3 0 0 0 0 0 1 1 0
fl=/build/glibc-GKVZIf/glibc-2.23/malloc/hooks.c
fn=malloc_hook_ini
29 4 1 1 0 0 0 2 0 0
30 2 0 0 1 0 0 1 0 0
33 4 0 0 3 0 0 0 0 0
fl=/build/glibc-GKVZIf/glibc-2.23/malloc/malloc.c
fn=_int_malloc
1880 7 3 3 2 0 0 0 0 0
3320 14 0 0 0 0 0 12 0 0
3350 20 1 1 0 0 0 0 0 0
3354 6 1 1 0 0 0 2 1 0
3368 4 0 0 2 2 1 0 0 0
3405 4 1 1 0 0 0 0 0 0
3449 14 2 2 0 0 0 2 0 0
3450 4 1 1 2 0 0 0 0 0
3451 2 0 0 0 0 0 1 1 0
3470 10 1 1 2 0 0 0 0 0
3604 4 1 1 0 0 0 0 0 0
3606 8 1 1 2 0 0 0 0 0
3609 8 0 0 2 0 0 0 0 0
3677 4 0 0 2 0 0 0 0 0
3678 4 1 1 0 0 0 0 0 0
3679 4 0 0 0 0 0 0 0 0
3680 4 0 0 2 1 0 0 0 0
3681 4 0 0 0 0 0 0 0 0
3686 4 0 0 0 0 0 0 0 0
3690 12 1 1 0 0 0 0 0 0
3693 8 0 0 2 0 0 0 0 0
3793 2 1 1 2 0 0 0 0 0
3794 4 0 0 2 0 0 0 0 0
3796 6 0 0 0 0 0 0 0 0
3798 1 0 0 0 0 0 0 0 0
3799 1 0 0 0 0 0 0 0 0
3800 1 0 0 0 0 0 1 0 0
3801 8 1 1 0 0 0 1 0 0
3803 2 0 0 0 0 0 1 1 1
3806 1 0 0 0 0 0 0 0 0
3813 2 0 0 1 0 0 0 0 0
3818 6 0 0 0 0 0 2 0 0
3820 52 2 2 0 0 0 20 0 0
3828 3 1 1 0 0 0 1 0 0
3829 2 0 0 0 0 0 0 0 0
3834 18 2 2 14 0 0 0 0 0
5003 6 0 0 0 0 0 4 0 0
5005 8 0 0 0 0 0 2 0 0
fn=malloc
2903 6 2 1 0 0 0 4 0 0
2908 4 0 0 4 0 0 0 0 0
2909 4 0 0 0 0 0 0 0 0
2910 2 1 1 1 0 0 0 0 0
2912 14 3 3 5 0 0 0 0 0
2914 4 0 0 0 0 0 1 0 0
2917 2 0 0 0 0 0 0 0 0
2925 4 1 1 2 0 0 0 0 0
2927 11 0 0 1 0 0 0 0 0
2930 7 1 1 5 0 0 0 0 0
fn=malloc_consolidate
1806 254 0 0 0 0 0 0 0 0
1809 381 0 0 0 0 0 254 32 32
1813 3 1 1 0 0 0 0 0 0
1817 3 1 1 1 0 0 1 0 0
1818 3 0 0 1 0 0 1 0 0
1820 1 0 0 0 0 0 1 1 1
4145 2 1 1 1 0 0 0 0 0
4997 4 1 1 0 0 0 0 0 0
fn=malloc_hook_ini
2909 2 1 1 0 0 0 0 0 0
2912 13 3 3 5 0 0 0 0 0
2914 4 0 0 0 0 0 1 0 0
2917 2 0 0 0 0 0 0 0 0
2924 2 1 1 1 1 0 1 0 0
2925 4 1 1 2 0 0 0 0 0
2927 11 0 0 1 0 0 0 0 0
fn=sysmalloc
2269 8 1 1 0 0 0 6 0 0
2289 2 0 0 2 2 0 0 0 0
2300 2 0 0 0 0 0 0 0 0
2301 5 1 1 1 0 0 1 1 0
2316 5 0 0 0 0 0 2 0 0
2322 1 1 1 0 0 0 0 0 0
2381 1 0 0 1 0 0 0 0 0
2382 3 0 0 1 0 0 0 0 0
2383 1 1 1 0 0 0 0 0 0
2392 6 0 0 1 0 0 0 0 0
2398 4 0 0 0 0 0 1 0 0
2401 3 0 0 0 0 0 0 0 0
2456 4 0 0 1 0 0 0 0 0
2464 2 1 1 1 0 0 0 0 0
2465 1 0 0 0 0 0 0 0 0
2475 6 1 1 0 0 0 2 0 0
2483 2 0 0 0 0 0 0 0 0
2485 6 1 1 2 0 0 3 0 0
2486 1 0 0 0 0 0 0 0 0
2489 4 1 1 2 0 0 0 0 0
2492 2 0 0 2 1 0 0 0 0
2493 2 0 0 0 0 0 0 0 0
2513 2 0 0 0 0 0 0 0 0
2539 2 0 0 1 1 1 0 0 0
2540 5 1 1 0 0 0 2 0 0
2541 3 0 0 1 0 0 1 0 0
2547 2 1 1 0 0 0 0 0 0
2550 7 2 2 1 0 0 0 0 0
2587 2 0 0 0 0 0 0 0 0
2593 3 0 0 0 0 0 0 0 0
2612 1 0 0 0 0 0 0 0 0
2615 2 0 0 0 0 0 0 0 0
2616 6 1 1 2 0 0 0 0 0
2618 2 0 0 0 0 0 0 0 0
2619 3 0 0 2 0 0 1 0 0
2631 2 0 0 0 0 0 0 0 0
2639 3 1 1 3 0 0 0 0 0
2640 3 0 0 1 0 0 0 0 0
2678 1 0 0 0 0 0 1 0 0
2679 5 0 0 0 0 0 1 1 1
2680 2 0 0 0 0 0 1 0 0
2691 2 0 0 0 0 0 0 0 0
2724 2 1 1 1 0 0 0 0 0
2725 1 0 0 0 0 0 1 0 0
2733 4 0 0 2 0 0 0 0 0
2735 1 0 0 0 0 0 0 0 0
2736 1 0 0 0 0 0 0 0 0
2737 1 0 0 0 0 0 1 0 0
2738 8 1 1 0 0 0 1 0 0
2739 2 0 0 0 0 0 1 1 1
2741 1 0 0 0 0 0 0 0 0
2747 9 0 0 7 0 0 0 0 0
fl=/build/glibc-GKVZIf/glibc-2.23/malloc/morecore.c
fn=__default_morecore
46 2 1 1 0 0 0 0 0 0
47 2 0 0 0 0 0 2 0 0
48 6 0 0 0 0 0 0 0 0
52 4 0 0 2 0 0 0 0 0
fl=/build/glibc-GKVZIf/glibc-2.23/misc/../sysdeps/unix/syscall-template.S
fn=__syscall_clock_gettime
65 4 1 1 0 0 0 0 0 0
66 2 0 0 2 0 0 0 0 0
fn=lseek
84 4 1 1 0 0 0 0 0 0
86 5 0 0 2 0 0 1 0 0
fn=mprotect
84 24 1 1 0 0 0 0 0 0
85 6 0 0 6 0 0 0 0 0
fn=munmap
84 4 1 1 0 0 0 0 0 0
85 1 0 0 1 0 0 0 0 0
fl=/build/glibc-GKVZIf/glibc-2.23/misc/../sysdeps/unix/sysv/linux/wordsize-64/mmap.c
fn=mmap
32 90 1 1 0 0 0 54 2 2
33 52 2 2 2 0 0 0 0 0
34 90 0 0 0 0 0 0 0 0
36 63 0 0 63 0 0 0 0 0
fl=/build/glibc-GKVZIf/glibc-2.23/misc/../sysdeps/unix/sysv/linux/x86_64/brk.c
fn=brk
31 16 1 1 2 0 0 2 0 0
33 4 0 0 0 0 0 0 0 0
39 2 0 0 0 0 0 0 0 0
40 2 0 0 2 0 0 0 0 0
fl=/build/glibc-GKVZIf/glibc-2.23/misc/init-misc.c
fn=__init_misc
30 3 0 0 0 0 0 2 0 0
31 6 1 1 1 0 0 0 0 0
33 3 0 0 0 0 0 1 0 0
37 5 1 1 1 0 0 1 0 0
38 3 0 0 2 0 0 1 0 0
40 4 0 0 3 0 0 0 0 0
fl=/build/glibc-GKVZIf/glibc-2.23/misc/sbrk.c
fn=sbrk
34 8 1 1 0 0 0 6 1 0
42 11 0 0 5 2 0 0 0 0
43 6 1 1 1 0 0 1 0 0
46 4 0 0 0 0 0 0 0 0
50 6 0 0 0 0 0 0 0 0
58 4 0 0 0 0 0 1 0 0
62 10 1 1 8 0 0 0 0 0
fl=/build/glibc-GKVZIf/glibc-2.23/nptl/register-atfork.c
fn=__linkin_atfork
115 2 1 1 1 1 0 1 0 0
116 6 0 0 2 1 0 0 0 0
118 1 0 0 1 0 0 0 0 0
fl=/build/glibc-GKVZIf/glibc-2.23/nptl/unregister-atfork.c
fn=__unregister_atfork
28 4 0 0 0 0 0 2 0 0
36 1 0 0 1 0 0 0 0 0
39 4 1 1 0 0 0 0 0 0
40 3 0 0 1 1 0 0 0 0
45 1 0 0 1 1 0 0 0 0
121 3 0 0 3 0 0 0 0 0
fl=/build/glibc-GKVZIf/glibc-2.23/posix/../sysdeps/unix/syscall-template.S
fn=uname
84 4 1 1 0 0 0 0 0 0
85 1 0 0 1 0 0 0 0 0
fl=/build/glibc-GKVZIf/glibc-2.23/posix/../sysdeps/unix/sysv/linux/_exit.c
fn=_Exit
27 2 1 1 1 0 0 0 0 0
31 4 1 1 0 0 0 0 0 0
33 2 0 0 0 0 0 0 0 0
fl=/build/glibc-GKVZIf/glibc-2.23/rt/../sysdeps/unix/clock_gettime.c
fn=clock_gettime
93 10 1 1 0 0 0 4 0 0
115 16 0 0 4 1 0 2 0 0
134 8 1 1 6 0 0 0 0 0
fl=/build/glibc-GKVZIf/glibc-2.23/setjmp/../sysdeps/x86_64/bsd-_setjmp.S
fn=_setjmp
30 1 1 1 0 0 0 0 0 0
32 1 0 0 0 0 0 0 0 0
fl=/build/glibc-GKVZIf/glibc-2.23/setjmp/../sysdeps/x86_64/setjmp.S
fn=__sigsetjmp
26 4 2 2 0 0 0 4 0 0
35 4 0 0 0 0 0 0 0 0
36 8 0 0 4 0 0 0 0 0
37 4 0 0 0 0 0 4 0 0
41 4 0 0 0 0 0 4 1 1
42 4 0 0 0 0 0 4 0 0
43 4 1 1 0 0 0 4 0 0
44 4 0 0 0 0 0 4 0 0
45 4 0 0 0 0 0 0 0 0
47 8 0 0 4 0 0 0 0 0
49 4 0 0 0 0 0 4 0 0
50 4 0 0 4 0 0 0 0 0
51 4 0 0 0 0 0 0 0 0
53 8 1 1 4 0 0 0 0 0
55 4 0 0 0 0 0 4 0 0
59 3 0 0 0 0 0 0 0 0
60 3 0 0 3 0 0 0 0 0
64 1 0 0 0 0 0 0 0 0
fl=/build/glibc-GKVZIf/glibc-2.23/setjmp/sigjmp.c
fn=__sigjmp_save
28 3 1 1 0 0 0 1 0 0
29 3 0 0 0 0 0 1 0 0
34 3 0 0 2 0 0 0 0 0
fl=/build/glibc-GKVZIf/glibc-2.23/stdio-common/../include/rounding-mode.h
fn=__printf_fp
52 4 0 0 0 0 0 0 0 0
fl=/build/glibc-GKVZIf/glibc-2.23/stdio-common/../include/scratch_buffer.h
fn=_IO_vfscanf
78 8 1 1 0 0 0 4 0 0
79 2 0 0 0 0 0 2 1 0
86 10 1 1 4 0 0 0 0 0
114 16 0 0 4 0 0 4 0 0
fl=/build/glibc-GKVZIf/glibc-2.23/stdio-common/../libio/libioP.h
fn=__isoc99_scanf
875 2 1 0 2 0 0 0 0 0
876 4 0 0 2 0 0 0 0 0
877 16 1 1 8 0 0 2 0 0
fl=/build/glibc-GKVZIf/glibc-2.23/stdio-common/../sysdeps/generic/get-rounding-mode.h
fn=__printf_fp
94 1 1 1 0 0 0 1 0 0
95 7 0 0 1 0 0 0 0 0
fl=/build/glibc-GKVZIf/glibc-2.23/stdio-common/../sysdeps/pthread/allocalim.h
fn=__printf_fp
29 2 0 0 0 0 0 0 0 0
fl=/build/glibc-GKVZIf/glibc-2.23/stdio-common/isoc99_scanf.c
fn=__isoc99_scanf
27 20 2 1 0 0 0 12 0 0
32 38 5 3 22 4 0 2 0 0
34 2 0 0 2 0 0 0 0 0
36 12 1 1 0 0 0 8 0 0
37 12 0 0 2 0 0 2 0 0
44 8 0 0 4 0 0 0 0 0
fl=/build/glibc-GKVZIf/glibc-2.23/stdio-common/printf-parse.h
fn=vfprintf
108 20 0 0 0 0 0 9 1 0
fl=/build/glibc-GKVZIf/glibc-2.23/stdio-common/printf.c
fn=printf
28 32 3 2 0 0 0 23 0 0
32 18 2 1 0 0 0 12 0 0
33 15 1 1 6 2 0 3 1 0
37 6 0 0 3 1 0 0 0 0
fl=/build/glibc-GKVZIf/glibc-2.23/stdio-common/printf_fp.c
fn=__printf_fp
172 78 3 3 18 0 0 6 0 0
174 18 0 0 6 0 0 0 0 0
176 24 1 1 18 0 0 0 0 0
177 54 1 1 0 0 0 12 0 0
215 10 1 1 0 0 0 6 0 0
245 1 0 0 0 0 0 1 0 0
248 1 1 1 0 0 0 0 0 0
254 6 1 1 1 0 0 1 0 0
261 1 0 0 0 0 0 1 0 0
264 2 0 0 0 0 0 0 0 0
266 6 0 0 4 3 0 2 0 0
267 2 1 1 1 0 0 1 0 0
284 3 0 0 1 0 0 0 0 0
314 2 0 0 0 0 0 2 0 0
316 1 0 0 0 0 0 1 0 0
330 2 0 0 0 0 0 0 0 0
332 1 0 0 1 0 0 0 0 0
376 1 1 1 1 0 0 0 0 0
379 2 0 0 0 0 0 0 0 0
393 4 1 1 2 2 2 0 0 0
409 9 0 0 0 0 0 3 0 0
413 3 1 1 0 0 0 0 0 0
433 12 1 1 0 0 0 0 0 0
449 1 0 0 1 0 0 0 0 0
452 9 0 0 0 0 0 0 0 0
453 7 0 0 0 0 0 1 0 0
454 4 1 1 0 0 0 1 0 0
455 4 0 0 0 0 0 1 0 0
461 1 0 0 0 0 0 1 0 0
462 2 0 0 0 0 0 0 0 0
566 1 1 1 0 0 0 0 0 0
636 2 0 0 0 0 0 0 0 0
639 1 0 0 0 0 0 1 0 0
640 1 0 0 0 0 0 0 0 0
641 1 0 0 0 0 0 0 0 0
644 4 1 1 0 0 0 1 0 0
645 5 0 0 2 0 0 2 0 0
648 1 1 1 0 0 0 1 0 0
649 3 1 1 1 0 0 1 0 0
654 12 0 0 0 0 0 0 0 0
656 24 0 0 12 5 5 0 0 0
669 3 0 0 0 0 0 2 0 0
697 3 0 0 0 0 0 1 0 0
768 46 1 1 0 0 0 0 0 0
770 4 2 2 2 0 0 0 0 0
774 5 0 0 3 0 0 1 0 0
775 2 0 0 1 0 0 1 0 0
778 3 0 0 2 0 0 0 0 0
779 5 1 1 2 0 0 0 0 0
787 3 1 1 1 0 0 1 0 0
788 3 0 0 1 0 0 1 0 0
789 1 1 1 1 0 0 0 0 0
792 3 0 0 1 0 0 1 0 0
810 2 0 0 1 0 0 1 0 0
814 1 0 0 0 0 0 1 0 0
819 1 0 0 0 0 0 1 0 0
820 6 1 1 4 2 1 1 0 0
822 2 1 1 0 0 0 0 0 0
832 2 0 0 1 0 0 0 0 0
834 1 0 0 0 0 0 1 0 0
835 10 2 2 2 0 0 3 0 0
836 1 1 1 0 0 0 1 0 0
837 1 0 0 0 0 0 1 0 0
838 3 0 0 1 0 0 0 0 0
846 1 0 0 0 0 0 1 0 0
847 3 2 2 0 0 0 1 0 0
880 3 1 1 1 0 0 0 0 0
894 7 1 1 2 0 0 0 0 0
901 1 1 1 0 0 0 0 0 0
911 7 0 0 0 0 0 2 0 0
912 2 1 1 0 0 0 1 0 0
915 5 0 0 2 0 0 0 0 0
927 1 1 1 1 0 0 0 0 0
933 2 1 1 1 0 0 1 0 0
934 1 1 1 1 0 0 0 0 0
935 4 0 0 1 0 0 1 0 0
939 3 1 1 1 0 0 1 0 0
940 7 0 0 0 0 0 3 0 0
941 28 0 0 7 0 0 0 0 0
942 5 0 0 2 0 0 0 0 0
944 6 0 0 0 0 0 0 0 0
945 6 1 1 0 0 0 6 0 0
946 6 1 1 0 0 0 0 0 0
948 12 0 0 0 0 0 0 0 0
957 5 1 1 3 0 0 0 0 0
958 3 0 0 1 0 0 2 0 0
960 5 0 0 1 0 0 0 0 0
961 1 0 0 0 0 0 0 0 0
965 7 2 2 4 0 0 1 0 0
982 3 1 1 0 0 0 0 0 0
987 8 1 1 2 0 0 0 0 0
992 3 0 0 1 0 0 0 0 0
996 2 0 0 0 0 0 1 0 0
1007 4 0 0 1 0 0 0 0 0
1076 4 1 1 0 0 0 0 0 0
1083 2 0 0 0 0 0 0 0 0
1086 2 1 1 1 0 0 0 0 0
1099 3 1 1 1 0 0 0 0 0
1145 6 1 1 2 0 0 0 0 0
1147 7 1 1 2 0 0 1 0 0
1149 5 0 0 1 0 0 0 0 0
1152 2 0 0 0 0 0 0 0 0
1154 3 1 1 1 0 0 0 0 0
1155 1 1 1 0 0 0 0 0 0
1156 2 1 1 0 0 0 0 0 0
1157 4 1 1 1 0 0 0 0 0
1159 4 1 1 1 0 0 0 0 0
1168 3 1 1 1 0 0 0 0 0
1174 5 1 1 1 0 0 1 0 0
1178 3 0 0 1 0 0 2 0 0
1180 3 1 1 1 0 0 0 0 0
1181 2 1 1 0 0 0 1 0 0
1185 5 1 1 2 0 0 1 0 0
1187 3 0 0 1 0 0 0 0 0
1198 6 1 1 0 0 0 0 0 0
1205 37 1 1 3 0 0 3 0 0
1206 24 1 1 8 0 0 0 0 0
1207 5 0 0 2 0 0 1 0 0
1208 14 0 0 0 0 0 0 0 0
1211 14 0 0 0 0 0 7 0 0
1215 2 0 0 1 0 0 0 0 0
1232 116 2 2 24 0 0 9 0 0
1235 3 1 1 1 0 0 0 0 0
1242 2 0 0 1 0 0 0 0 0
1246 9 1 1 7 0 0 0 0 0
fn=hack_digit
169 3 1 1 0 0 0 2 0 0
172 11 1 1 3 0 0 1 0 0
174 4 0 0 1 0 0 0 0 0
176 4 1 1 3 0 0 0 0 0
177 5 0 0 0 0 0 2 0 0
209 6 0 0 3 0 0 0 0 0
fl=/build/glibc-GKVZIf/glibc-2.23/stdio-common/vfprintf.c
fn=vfprintf
1236 24 2 2 0 0 0 18 0 0
1267 9 0 0 6 2 0 3 1 0
1275 14 0 0 3 1 0 1 0 0
1279 15 0 0 3 1 0 0 0 0
1290 15 1 1 0 0 0 0 0 0
1301 18 1 1 9 0 0 9 1 0
1312 3 0 0 0 0 0 3 1 0
1316 30 2 2 9 1 0 6 0 0
1317 42 1 1 21 3 1 3 0 0
1320 45 2 2 9 2 0 6 0 0
1324 9 1 1 6 1 0 0 0 0
1328 12 3 3 3 1 1 5 0 0
1349 1 0 0 0 0 0 1 0 0
1350 1 1 1 0 0 0 1 0 0
1351 1 0 0 0 0 0 1 0 0
1352 1 0 0 0 0 0 1 0 0
1353 1 0 0 0 0 0 1 0 0
1354 1 0 0 0 0 0 1 0 0
1355 1 1 1 0 0 0 1 0 0
1356 1 0 0 0 0 0 1 0 0
1357 1 0 0 0 0 0 1 0 0
1358 1 0 0 0 0 0 1 0 0
1359 1 0 0 0 0 0 1 0 0
1362 1 0 0 0 0 0 1 0 0
1363 1 1 1 0 0 0 1 0 0
1366 1 0 0 0 0 0 0 0 0
1367 4 0 0 1 0 0 1 0 0
1370 16 1 1 3 2 2 1 0 0
1531 2 0 0 0 0 0 1 0 0
1552 2 0 0 0 0 0 1 0 0
1631 76 8 8 20 0 0 18 0 0
1632 2 0 0 0 0 0 1 0 0
1649 1 1 1 1 0 0 0 0 0
1651 2 0 0 0 0 0 0 0 0
1659 4 1 1 1 0 0 2 0 0
1663 25 2 2 7 0 0 3 0 0
1665 3 0 0 1 0 0 0 0 0
1685 30 1 1 15 1 0 3 0 0
1686 6 0 0 0 0 0 0 0 0
1688 3 0 0 0 0 0 0 0 0
1689 24 0 0 21 2 0 0 0 0
fl=/build/glibc-GKVZIf/glibc-2.23/stdio-common/vfscanf.c
fn=_IO_vfscanf
223 4 0 0 0 0 0 4 0 0
224 8 1 1 4 0 0 4 0 0
261 44 0 0 16 0 0 0 0 0
264 52 2 2 4 0 0 32 0 0
279 24 2 2 0 0 0 16 1 0
283 2 1 1 0 0 0 2 0 0
284 4 0 0 0 0 0 2 0 0
285 2 0 0 0 0 0 0 0 0
288 2 1 1 0 0 0 0 0 0
290 6 0 0 4 1 0 2 1 0
291 4 0 0 2 1 0 2 0 0
295 2 0 0 0 0 0 2 0 0
315 2 0 0 0 0 0 0 0 0
327 2 0 0 0 0 0 2 0 0
328 4 0 0 0 0 0 2 0 0
329 2 0 0 0 0 0 2 0 0
330 2 1 1 0 0 0 2 0 0
334 4 0 0 0 0 0 0 0 0
341 12 0 0 6 0 0 6 0 0
347 9 1 1 2 1 0 1 0 0
350 10 0 0 2 0 0 0 0 0
354 4 0 0 4 0 0 0 0 0
361 4 1 1 2 1 0 2 0 0
367 2 0 0 2 0 0 0 0 0
369 8 0 0 2 1 1 2 0 0
374 30 3 3 12 1 0 6 0 0
379 2 0 0 0 0 0 2 0 0
383 18 0 0 6 0 0 0 0 0
420 12 0 0 0 0 0 0 0 0
443 8 0 0 0 0 0 4 0 0
444 8 0 0 0 0 0 0 0 0
449 8 1 1 4 0 0 0 0 0
466 4 1 1 4 0 0 0 0 0
483 12 1 1 4 0 0 4 0 0
489 16 0 0 4 0 0 0 0 0
507 44 1 1 8 0 0 8 0 0
528 16 1 1 0 0 0 0 0 0
535 4 0 0 0 0 0 4 0 0
538 48 4 4 12 1 1 0 0 0
618 8 1 1 0 0 0 0 0 0
622 4 0 0 0 0 0 4 0 0
623 12 1 1 0 0 0 0 0 0
624 28 2 2 4 0 0 8 0 0
627 16 0 0 8 0 0 8 0 0
628 40 1 1 8 0 0 12 0 0
634 74 2 2 17 0 0 7 0 0
636 8 1 1 0 0 0 4 0 0
637 39 1 1 14 3 2 0 0 0
638 12 0 0 8 0 0 4 0 0
639 52 1 1 8 0 0 12 0 0
643 40 2 2 12 1 1 0 0 0
1395 4 0 0 0 0 0 4 0 0
1396 4 1 1 4 0 0 0 0 0
1397 8 0 0 0 0 0 0 0 0
1404 40 1 1 12 0 0 8 0 0
1409 12 0 0 0 0 0 0 0 0
1418 20 1 1 4 0 0 0 0 0
1441 12 2 2 4 0 0 0 0 0
1444 28 1 1 8 0 0 4 0 0
1739 64 0 0 0 0 0 0 0 0
1741 32 0 0 16 0 0 0 0 0
1743 12 1 1 12 0 0 0 0 0
1746 96 1 1 16 0 0 4 0 0
1748 40 2 2 16 0 0 4 0 0
1805 48 0 0 0 0 0 0 0 0
1807 120 1 1 36 0 0 12 0 0
1810 12 0 0 4 0 0 0 0 0
1817 12 0 0 0 0 0 0 0 0
1818 8 1 1 0 0 0 0 0 0
1846 28 0 0 4 0 0 4 0 0
1850 8 0 0 0 0 0 0 0 0
1867 16 0 0 4 0 0 0 0 0
1868 20 1 1 8 0 0 4 0 0
1874 12 0 0 8 0 0 0 0 0
1877 16 0 0 4 0 0 0 0 0
1879 8 0 0 0 0 0 0 0 0
1883 8 0 0 0 0 0 0 0 0
1885 8 1 1 4 0 0 0 0 0
1887 8 1 1 4 0 0 0 0 0
1888 12 1 1 4 0 0 0 0 0
1902 40 2 2 12 0 0 8 2 0
2215 6 0 0 0 0 0 2 0 0
2458 12 1 1 4 0 0 0 0 0
2671 4 0 0 0 0 0 2 0 0
3014 10 0 0 2 0 0 0 0 0
3024 16 2 2 8 0 0 0 0 0
3027 6 0 0 2 0 0 0 0 0
3030 4 0 0 2 0 0 0 0 0
3047 8 1 1 4 0 0 0 0 0
3053 18 0 0 14 0 0 0 0 0
fl=/build/glibc-GKVZIf/glibc-2.23/stdlib/../stdlib/strtol.c
fn=__strtol_internal
98 12 1 1 8 0 0 0 0 0
fl=/build/glibc-GKVZIf/glibc-2.23/stdlib/../stdlib/strtol_l.c
fn=____strtol_l_internal
227 36 1 1 0 0 0 24 0 0
247 4 0 0 0 0 0 0 0 0
253 8 0 0 0 0 0 0 0 0
274 4 0 0 0 0 0 0 0 0
275 4 0 0 0 0 0 0 0 0
284 16 1 1 0 0 0 0 0 0
293 24 0 0 12 0 0 0 0 0
295 8 0 0 0 0 0 0 0 0
299 4 0 0 0 0 0 4 0 0
300 8 1 1 0 0 0 0 0 0
305 8 0 0 0 0 0 0 0 0
309 8 0 0 0 0 0 0 0 0
319 8 0 0 0 0 0 0 0 0
326 8 1 1 0 0 0 0 0 0
329 12 0 0 0 0 0 4 0 0
348 16 1 1 0 0 0 4 0 0
371 4 0 0 0 0 0 0 0 0
433 24 1 1 12 0 0 0 0 0
435 68 1 1 4 0 0 0 0 0
437 36 1 1 0 0 0 0 0 0
451 20 0 0 4 0 0 8 0 0
454 4 0 0 4 1 0 0 0 0
455 16 0 0 4 0 0 0 0 0
465 36 1 1 0 0 0 0 0 0
468 48 1 1 12 0 0 0 0 0
473 20 0 0 0 0 0 4 0 0
474 48 0 0 0 0 0 0 0 0
479 8 0 0 0 0 0 0 0 0
484 8 0 0 0 0 0 0 0 0
485 4 0 0 0 0 0 4 0 0
490 8 0 0 0 0 0 0 0 0
491 12 1 1 0 0 0 0 0 0
493 12 0 0 4 0 0 0 0 0
508 8 1 1 0 0 0 0 0 0
526 32 2 1 28 0 0 0 0 0
fl=/build/glibc-GKVZIf/glibc-2.23/stdlib/../sysdeps/ieee754/dbl-64/dbl2mpn.c
fn=__mpn_extract_double
33 1 0 0 0 0 0 0 0 0
37 3 1 1 0 0 0 1 0 0
38 5 0 0 0 0 0 1 0 0
47 3 1 1 0 0 0 1 0 0
56 3 0 0 0 0 0 0 0 0
103 3 1 1 0 0 0 1 0 0
107 2 0 0 1 0 0 0 0 0
fl=/build/glibc-GKVZIf/glibc-2.23/stdlib/../sysdeps/x86_64/lshift.S
fn=__mpn_lshift
29 1 1 1 0 0 0 0 0 0
30 1 0 0 0 0 0 0 0 0
32 1 0 0 0 0 0 0 0 0
33 1 0 0 0 0 0 0 0 0
34 1 1 1 0 0 0 0 0 0
46 1 0 0 0 0 0 0 0 0
47 1 0 0 0 0 0 0 0 0
48 1 0 0 1 0 0 0 0 0
49 1 0 0 0 0 0 0 0 0
50 1 0 0 0 0 0 0 0 0
51 1 0 0 0 0 0 0 0 0
52 1 0 0 0 0 0 0 0 0
58 1 1 1 0 0 0 0 0 0
59 1 0 0 0 0 0 1 0 0
60 1 0 0 1 0 0 0 0 0
fl=/build/glibc-GKVZIf/glibc-2.23/stdlib/../sysdeps/x86_64/mul_1.S
fn=__mpn_mul_1
32 8 1 1 0 0 0 8 0 0
35 8 0 0 0 0 0 0 0 0
36 8 0 0 8 0 0 0 0 0
37 8 0 0 0 0 0 0 0 0
38 8 0 0 0 0 0 0 0 0
39 8 0 0 0 0 0 0 0 0
41 8 0 0 0 0 0 0 0 0
42 8 0 0 0 0 0 0 0 0
44 8 0 0 0 0 0 0 0 0
45 8 0 0 0 0 0 0 0 0
46 8 0 0 0 0 0 0 0 0
47 8 1 1 0 0 0 0 0 0
48 7 0 0 0 0 0 0 0 0
50 7 0 0 0 0 0 0 0 0
51 7 0 0 0 0 0 0 0 0
52 7 0 0 0 0 0 7 0 0
53 7 0 0 0 0 0 0 0 0
79 1 1 1 0 0 0 0 0 0
80 1 0 0 0 0 0 0 0 0
81 1 0 0 0 0 0 0 0 0
82 1 0 0 0 0 0 0 0 0
83 1 0 0 0 0 0 0 0 0
84 1 0 0 0 0 0 0 0 0
85 1 0 0 1 0 0 0 0 0
86 1 0 0 0 0 0 0 0 0
87 1 0 0 0 0 0 0 0 0
113 1 1 1 0 0 0 0 0 0
114 1 0 0 0 0 0 0 0 0
115 1 0 0 0 0 0 0 0 0
117 1 0 0 0 0 0 1 0 0
118 1 0 0 0 0 0 0 0 0
119 1 0 0 0 0 0 0 0 0
120 1 0 0 0 0 0 1 0 0
121 1 0 0 0 0 0 0 0 0
122 8 0 0 0 0 0 0 0 0
124 8 0 0 8 0 0 0 0 0
127 8 0 0 8 0 0 0 0 0
fl=/build/glibc-GKVZIf/glibc-2.23/stdlib/../sysdeps/x86_64/rshift.S
fn=__mpn_rshift
29 1 1 1 0 0 0 0 0 0
30 1 0 0 0 0 0 0 0 0
31 1 0 0 0 0 0 0 0 0
44 1 0 0 0 0 0 0 0 0
45 1 0 0 0 0 0 0 0 0
61 1 1 1 0 0 0 0 0 0
62 1 0 0 1 0 0 0 0 0
63 1 0 0 1 0 0 0 0 0
64 1 0 0 0 0 0 0 0 0
65 1 0 0 0 0 0 0 0 0
66 1 0 0 0 0 0 0 0 0
67 1 0 0 0 0 0 0 0 0
72 1 0 0 0 0 0 0 0 0
73 1 0 0 0 0 0 1 0 0
74 1 1 1 0 0 0 0 0 0
75 1 0 0 0 0 0 1 0 0
76 1 0 0 1 0 0 0 0 0
fl=/build/glibc-GKVZIf/glibc-2.23/stdlib/cxa_atexit.c
fn=__cxa_atexit
35 2 1 1 0 0 0 1 0 0
37 2 0 0 0 0 0 0 0 0
41 3 0 0 1 0 0 0 0 0
43 1 0 0 0 0 0 1 0 0
44 1 0 0 0 0 0 1 0 0
45 1 0 0 0 0 0 1 0 0
47 1 0 0 0 0 0 1 0 0
48 1 0 0 0 0 0 0 0 0
57 6 1 1 0 0 0 3 0 0
59 4 0 0 4 0 0 0 0 0
fn=__new_exitfn
73 4 1 1 0 0 0 2 0 0
79 6 0 0 2 2 2 0 0 0
81 9 2 2 2 1 0 0 0 0
83 3 0 0 1 1 0 0 0 0
91 2 1 1 0 0 0 1 0 0
112 1 1 1 0 0 0 0 0 0
113 2 0 0 0 0 0 1 0 0
126 1 1 1 0 0 0 1 0 0
127 1 0 0 1 1 1 0 0 0
130 4 0 0 2 0 0 0 0 0
133 5 0 0 3 0 0 0 0 0
fl=/build/glibc-GKVZIf/glibc-2.23/stdlib/cxa_finalize.c
fn=__cxa_finalize
31 8 1 1 0 0 0 6 0 0
35 7 1 1 2 0 0 0 0 0
39 6 0 0 1 0 0 0 0 0
48 1 0 0 0 0 0 0 0 0
67 7 2 2 2 1 0 0 0 0
71 6 0 0 1 1 0 0 0 0
79 2 0 0 0 0 0 0 0 0
80 2 0 0 0 0 0 0 0 0
82 7 0 0 6 0 0 0 0 0
fl=/build/glibc-GKVZIf/glibc-2.23/stdlib/cxa_thread_atexit_impl.c
fn=__call_tls_dtors
145 3 1 1 0 0 0 2 0 0
146 4 1 1 2 2 0 0 0 0
164 4 1 1 3 0 0 0 0 0
fl=/build/glibc-GKVZIf/glibc-2.23/stdlib/exit.c
fn=__run_exit_handlers
35 8 1 1 0 0 0 4 0 0
40 2 0 0 1 1 0 1 0 0
46 8 0 0 2 1 0 0 0 0
50 6 0 0 0 0 0 0 0 0
52 1 0 0 0 0 0 1 0 0
53 1 0 0 0 0 0 0 0 0
54 5 1 1 1 0 0 0 0 0
78 2 1 1 0 0 0 0 0 0
80 3 0 0 2 0 0 0 0 0
82 3 0 0 1 0 0 1 0 0
83 1 0 0 0 0 0 0 0 0
87 2 0 0 1 0 0 1 0 0
88 2 0 0 0 0 0 0 0 0
94 2 0 0 0 0 0 0 0 0
95 8 1 1 1 1 0 1 0 0
97 2 0 0 0 0 0 1 0 0
fn=exit
103 1 0 0 0 0 0 0 0 0
104 3 1 1 0 0 0 1 0 0
fl=/build/glibc-GKVZIf/glibc-2.23/stdlib/rand.c
fn=rand
26 20000 1 1 0 0 0 0 0 0
27 20000 0 0 0 0 0 20000 0 0
28 40000 0 0 20000 0 0 0 0 0
fl=/build/glibc-GKVZIf/glibc-2.23/stdlib/random.c
fn=random
288 20000 1 1 0 0 0 0 0 0
291 120000 1 1 40000 1 1 0 0 0
293 60000 1 1 0 0 0 20000 0 0
295 80000 0 0 40000 0 0 0 0 0
297 20000 0 0 20000 0 0 0 0 0
298 40000 1 1 20000 0 0 0 0 0
fl=/build/glibc-GKVZIf/glibc-2.23/stdlib/random_r.c
fn=random_r
357 80000 1 1 0 0 0 0 0 0
360 59355 2 2 20000 0 0 0 0 0
362 60000 0 0 20000 1 0 0 0 0
371 20000 0 0 20000 0 0 0 0 0
372 20000 0 0 20000 0 0 0 0 0
373 20000 0 0 20000 1 0 0 0 0
376 60000 0 0 40000 2 2 20000 0 0
378 40000 0 0 0 0 0 20000 0 0
379 20000 0 0 0 0 0 0 0 0
380 40000 0 0 0 0 0 0 0 0
383 20000 0 0 0 0 0 0 0 0
391 20000 0 0 0 0 0 20000 0 0
392 39355 0 0 19355 0 0 20000 0 0
394 20645 0 0 645 0 0 0 0 0
fl=/build/glibc-GKVZIf/glibc-2.23/string/../bits/stdlib-bsearch.h
fn=intel_check_word
27 13 0 0 0 0 0 0 0 0
28 26 0 0 0 0 0 0 0 0
29 170 0 0 0 0 0 0 0 0
31 235 1 1 0 0 0 0 0 0
32 87 0 0 0 0 0 0 0 0
37 23 0 0 0 0 0 0 0 0
fl=/build/glibc-GKVZIf/glibc-2.23/string/../sysdeps/x86_64/cacheinfo.c
fn=handle_intel
261 16 0 0 0 0 0 12 0 0
262 4 1 1 0 0 0 0 0 0
273 6 0 0 0 0 0 2 0 0
275 2 0 0 0 0 0 2 0 0
276 4 0 0 0 0 0 2 0 0
278 2 1 1 0 0 0 0 0 0
284 10 1 1 0 0 0 2 0 0
289 4 0 0 0 0 0 0 0 0
291 6 0 0 0 0 0 2 0 0
292 2 0 0 0 0 0 0 0 0
296 8 0 0 0 0 0 2 0 0
297 4 1 1 0 0 0 0 0 0
300 10 0 0 0 0 0 2 0 0
301 4 0 0 0 0 0 0 0 0
304 5 0 0 0 0 0 1 0 0
305 2 0 0 0 0 0 0 0 0
308 5 0 0 1 0 0 1 0 0
309 2 0 0 0 0 0 0 0 0
318 16 1 1 14 0 0 0 0 0
fn=init_cacheinfo
482 5 1 1 0 0 0 5 0 0
494 4 0 0 2 0 0 0 0 0
496 5 0 0 1 0 0 1 0 0
499 1 0 0 0 0 0 0 0 0
500 4 1 1 0 0 0 1 0 0
502 2 0 0 0 0 0 0 0 0
511 2 0 0 0 0 0 0 0 0
513 1 0 0 1 0 0 0 0 0
514 1 0 0 1 0 0 0 0 0
516 1 0 0 0 0 0 0 0 0
521 18 1 1 0 0 0 0 0 0
527 8 0 0 0 0 0 0 0 0
530 20 0 0 0 0 0 0 0 0
532 1 1 1 0 0 0 0 0 0
538 6 0 0 0 0 0 0 0 0
545 11 1 1 0 0 0 0 0 0
547 2 0 0 0 0 0 0 0 0
548 2 0 0 0 0 0 0 0 0
549 8 0 0 0 0 0 0 0 0
551 4 0 0 0 0 0 0 0 0
556 1 0 0 0 0 0 0 0 0
558 3 0 0 0 0 0 0 0 0
559 4 0 0 0 0 0 0 0 0
564 2 0 0 0 0 0 0 0 0
565 6 1 1 0 0 0 0 0 0
596 4 0 0 0 0 0 0 0 0
597 5 0 0 0 0 0 0 0 0
652 2 0 0 0 0 0 0 0 0
654 3 1 1 0 0 0 1 0 0
655 1 0 0 0 0 0 1 1 1
657 1 0 0 0 0 0 0 0 0
658 3 0 0 0 0 0 1 0 0
659 1 0 0 0 0 0 1 0 0
662 2 0 0 0 0 0 0 0 0
664 3 0 0 0 0 0 1 0 0
665 1 0 0 0 0 0 1 0 0
667 1 1 1 0 0 0 0 0 0
668 3 0 0 0 0 0 1 0 0
669 1 0 0 0 0 0 1 0 0
671 6 0 0 6 0 0 0 0 0
fn=intel_check_word
121 174 0 0 87 8 8 0 0 0
124 84 0 0 0 0 0 0 0 0
132 36 0 0 0 0 0 24 0 0
133 12 1 1 0 0 0 0 0 0
135 4 0 0 0 0 0 0 0 0
139 42 1 1 0 0 0 0 0 0
141 34 1 1 0 0 0 0 0 0
143 13 1 1 0 0 0 0 0 0
145 26 0 0 0 0 0 0 0 0
153 26 0 0 0 0 0 0 0 0
204 26 0 0 0 0 0 0 0 0
209 10 0 0 5 0 0 0 0 0
212 30 0 0 10 0 0 0 0 0
226 13 0 0 0 0 0 0 0 0
231 12 0 0 3 0 0 0 0 0
233 2 1 1 0 0 0 0 0 0
235 4 0 0 0 0 0 0 0 0
237 2 1 1 2 0 0 0 0 0
245 2 0 0 0 0 0 0 0 0
251 11 0 0 0 0 0 0 0 0
256 36 0 0 30 0 0 0 0 0
fl=/build/glibc-GKVZIf/glibc-2.23/string/../sysdeps/x86_64/memcpy.S
fn=__GI_mempcpy
61 4 2 1 0 0 0 0 0 0
65 4 0 0 0 0 0 0 0 0
68 4 0 0 0 0 0 0 0 0
69 4 0 0 0 0 0 0 0 0
71 4 0 0 4 0 0 0 0 0
72 4 0 0 0 0 0 4 1 0
74 4 0 0 0 0 0 0 0 0
75 4 0 0 0 0 0 0 0 0
80 4 0 0 0 0 0 0 0 0
81 4 0 0 0 0 0 0 0 0
92 4 0 0 0 0 0 0 0 0
93 4 0 0 0 0 0 0 0 0
95 2 0 0 2 0 0 0 0 0
96 2 0 0 0 0 0 2 0 0
98 2 0 0 0 0 0 0 0 0
99 2 0 0 0 0 0 0 0 0
104 4 0 0 0 0 0 0 0 0
105 4 0 0 0 0 0 0 0 0
107 1 1 1 1 0 0 0 0 0
108 1 0 0 0 0 0 1 0 0
110 1 0 0 0 0 0 0 0 0
111 2 0 0 0 0 0 0 0 0
116 4 0 0 0 0 0 0 0 0
117 5 0 0 0 0 0 0 0 0
122 1 0 0 1 0 0 0 0 0
123 1 0 0 1 0 0 0 0 0
124 1 0 0 0 0 0 1 0 0
125 1 0 0 0 0 0 1 0 0
127 1 0 0 0 0 0 0 0 0
129 1 0 0 0 0 0 0 0 0
130 1 0 0 0 0 0 0 0 0
132 1 0 0 0 0 0 0 0 0
138 4 0 0 0 0 0 0 0 0
142 4 0 0 4 0 0 0 0 0
154 1 1 1 0 0 0 0 0 0
156 1 0 0 0 0 0 0 0 0
157 1 0 0 0 0 0 0 0 0
183 1 0 0 0 0 0 0 0 0
184 1 0 0 0 0 0 0 0 0
187 1 0 0 0 0 0 0 0 0
188 1 0 0 0 0 0 0 0 0
189 1 0 0 0 0 0 0 0 0
194 1 1 1 0 0 0 0 0 0
196 1 0 0 1 0 0 0 0 0
197 1 0 0 1 0 0 0 0 0
198 1 0 0 1 0 0 0 0 0
199 1 0 0 1 0 0 0 0 0
201 1 0 0 0 0 0 1 0 0
202 1 0 0 0 0 0 1 0 0
203 1 0 0 0 0 0 1 0 0
204 1 0 0 0 0 0 1 0 0
206 1 0 0 0 0 0 0 0 0
207 1 0 0 0 0 0 0 0 0
209 1 0 0 0 0 0 0 0 0
231 1 1 1 0 0 0 0 0 0
233 1 0 0 0 0 0 0 0 0
fn=mempcpy
61 17 1 1 0 0 0 0 0 0
65 17 0 0 0 0 0 0 0 0
68 16 0 0 0 0 0 0 0 0
69 16 0 0 0 0 0 0 0 0
71 7 0 0 7 2 2 0 0 0
72 7 0 0 0 0 0 7 1 1
74 7 0 0 0 0 0 0 0 0
75 7 0 0 0 0 0 0 0 0
80 16 0 0 0 0 0 0 0 0
81 16 0 0 0 0 0 0 0 0
83 10 0 0 10 0 0 0 0 0
84 10 1 1 0 0 0 10 0 0
86 10 0 0 0 0 0 0 0 0
87 10 0 0 0 0 0 0 0 0
92 16 0 0 0 0 0 0 0 0
93 16 0 0 0 0 0 0 0 0
95 5 0 0 5 0 0 0 0 0
96 5 0 0 0 0 0 5 0 0
98 5 0 0 0 0 0 0 0 0
99 5 0 0 0 0 0 0 0 0
104 16 0 0 0 0 0 0 0 0
105 16 0 0 0 0 0 0 0 0
107 7 0 0 7 0 0 0 0 0
108 7 0 0 0 0 0 7 1 1
110 7 0 0 0 0 0 0 0 0
111 14 0 0 0 0 0 0 0 0
116 16 0 0 0 0 0 0 0 0
117 18 0 0 0 0 0 0 0 0
122 2 0 0 2 0 0 0 0 0
123 2 0 0 2 0 0 0 0 0
124 2 0 0 0 0 0 2 1 1
125 2 0 0 0 0 0 2 0 0
127 2 0 0 0 0 0 0 0 0
129 2 0 0 0 0 0 0 0 0
130 2 0 0 0 0 0 0 0 0
132 2 0 0 0 0 0 0 0 0
138 16 1 1 0 0 0 0 0 0
142 16 0 0 16 0 0 0 0 0
154 2 0 0 0 0 0 0 0 0
156 2 0 0 0 0 0 0 0 0
157 2 0 0 0 0 0 0 0 0
183 2 1 1 0 0 0 0 0 0
184 2 0 0 0 0 0 0 0 0
187 2 0 0 0 0 0 0 0 0
188 2 0 0 0 0 0 0 0 0
189 2 0 0 0 0 0 0 0 0
194 2 0 0 0 0 0 0 0 0
196 2 0 0 2 0 0 0 0 0
197 2 0 0 2 0 0 0 0 0
198 2 0 0 2 0 0 0 0 0
199 2 0 0 2 0 0 0 0 0
201 2 0 0 0 0 0 2 0 0
202 2 0 0 0 0 0 2 1 1
203 2 0 0 0 0 0 2 0 0
204 2 0 0 0 0 0 2 1 1
206 2 1 1 0 0 0 0 0 0
207 2 0 0 0 0 0 0 0 0
209 2 0 0 0 0 0 0 0 0
231 2 1 1 0 0 0 0 0 0
233 2 0 0 0 0 0 0 0 0
235 1 0 0 0 0 0 0 0 0
242 1 0 0 1 0 0 0 0 0
fl=/build/glibc-GKVZIf/glibc-2.23/string/../sysdeps/x86_64/multiarch/../memcmp.S
fn=bcmp
24 13 1 1 0 0 0 0 0 0
25 13 0 0 0 0 0 0 0 0
26 13 0 0 0 0 0 0 0 0
27 13 0 0 0 0 0 0 0 0
28 13 0 0 0 0 0 0 0 0
29 13 0 0 0 0 0 0 0 0
30 13 0 0 0 0 0 0 0 0
31 13 0 0 0 0 0 0 0 0
34 13 0 0 0 0 0 0 0 0
35 13 0 0 0 0 0 0 0 0
36 5 0 0 5 1 1 0 0 0
37 5 0 0 5 3 3 0 0 0
38 5 0 0 0 0 0 0 0 0
39 5 0 0 0 0 0 0 0 0
40 5 0 0 0 0 0 0 0 0
41 5 0 0 0 0 0 0 0 0
42 5 0 0 0 0 0 0 0 0
44 12 1 1 0 0 0 0 0 0
45 12 0 0 0 0 0 0 0 0
46 4 0 0 4 0 0 0 0 0
47 4 0 0 4 0 0 0 0 0
48 4 0 0 0 0 0 0 0 0
49 4 0 0 0 0 0 0 0 0
50 4 0 0 0 0 0 0 0 0
51 4 0 0 0 0 0 0 0 0
52 4 0 0 0 0 0 0 0 0
54 12 0 0 0 0 0 0 0 0
55 12 0 0 0 0 0 0 0 0
56 5 1 1 5 1 1 0 0 0
57 5 0 0 5 1 1 0 0 0
58 5 0 0 0 0 0 0 0 0
59 5 0 0 0 0 0 0 0 0
60 2 0 0 0 0 0 0 0 0
61 2 0 0 0 0 0 0 0 0
62 2 0 0 0 0 0 0 0 0
64 9 0 0 0 0 0 0 0 0
65 9 0 0 0 0 0 0 0 0
66 5 0 0 5 0 0 0 0 0
67 5 0 0 5 2 2 0 0 0
68 5 0 0 0 0 0 0 0 0
69 5 0 0 0 0 0 0 0 0
74 4 0 0 4 2 2 0 0 0
75 4 0 0 4 0 0 0 0 0
76 4 0 0 0 0 0 0 0 0
77 4 0 0 0 0 0 0 0 0
78 4 0 0 0 0 0 0 0 0
79 4 0 0 0 0 0 0 0 0
80 4 0 0 0 0 0 0 0 0
81 2 0 0 0 0 0 0 0 0
82 2 0 0 0 0 0 0 0 0
83 2 0 0 2 0 0 0 0 0
84 2 0 0 2 0 0 0 0 0
85 2 0 0 0 0 0 0 0 0
92 2 0 0 0 0 0 0 0 0
94 3 0 0 3 0 0 0 0 0
98 8 1 1 0 0 0 0 0 0
99 8 0 0 0 0 0 0 0 0
100 1 0 0 0 0 0 0 0 0
101 1 0 0 0 0 0 0 0 0
102 1 0 0 0 0 0 0 0 0
103 1 0 0 0 0 0 0 0 0
104 1 0 0 0 0 0 0 0 0
105 1 0 0 0 0 0 0 0 0
106 1 0 0 0 0 0 0 0 0
107 1 0 0 0 0 0 0 0 0
108 1 0 0 0 0 0 0 0 0
109 1 0 0 0 0 0 0 0 0
110 1 0 0 1 0 0 0 0 0
114 9 1 1 0 0 0 0 0 0
115 9 0 0 9 0 0 0 0 0
fl=/build/glibc-GKVZIf/glibc-2.23/string/../sysdeps/x86_64/multiarch/../memcpy.S
fn=memcpy
61 14 1 1 0 0 0 0 0 0
63 14 0 0 0 0 0 0 0 0
65 14 0 0 0 0 0 0 0 0
68 12 0 0 0 0 0 0 0 0
69 12 0 0 0 0 0 0 0 0
71 5 0 0 5 0 0 0 0 0
72 5 0 0 0 0 0 5 2 2
74 5 0 0 0 0 0 0 0 0
75 5 0 0 0 0 0 0 0 0
80 12 0 0 0 0 0 0 0 0
81 12 0 0 0 0 0 0 0 0
83 4 0 0 4 0 0 0 0 0
84 4 0 0 0 0 0 4 1 1
86 4 0 0 0 0 0 0 0 0
87 8 0 0 0 0 0 0 0 0
92 12 2 1 0 0 0 0 0 0
93 12 0 0 0 0 0 0 0 0
95 3 0 0 3 0 0 0 0 0
96 3 0 0 0 0 0 3 0 0
98 3 0 0 0 0 0 0 0 0
99 3 0 0 0 0 0 0 0 0
104 12 0 0 0 0 0 0 0 0
105 12 0 0 0 0 0 0 0 0
107 7 0 0 7 0 0 0 0 0
108 7 0 0 0 0 0 7 0 0
110 7 0 0 0 0 0 0 0 0
111 7 0 0 0 0 0 0 0 0
116 12 0 0 0 0 0 0 0 0
117 17 0 0 0 0 0 0 0 0
122 5 0 0 5 0 0 0 0 0
123 5 0 0 5 0 0 0 0 0
124 5 0 0 0 0 0 5 0 0
125 5 0 0 0 0 0 5 1 1
127 5 0 0 0 0 0 0 0 0
129 5 0 0 0 0 0 0 0 0
130 5 0 0 0 0 0 0 0 0
132 5 0 0 0 0 0 0 0 0
140 12 1 1 12 0 0 0 0 0
148 6 1 0 0 0 0 6 0 0
154 6 0 0 0 0 0 0 0 0
156 6 0 0 0 0 0 0 0 0
157 6 0 0 0 0 0 0 0 0
160 2 0 0 0 0 0 0 0 0
161 6 0 0 0 0 0 0 0 0
166 8 0 0 8 0 0 0 0 0
167 8 0 0 0 0 0 8 0 0
169 8 0 0 0 0 0 0 0 0
171 8 0 0 0 0 0 0 0 0
172 8 0 0 0 0 0 0 0 0
174 12 2 1 0 0 0 0 0 0
183 6 0 0 0 0 0 0 0 0
184 6 0 0 0 0 0 0 0 0
187 6 0 0 0 0 0 0 0 0
188 6 0 0 0 0 0 0 0 0
189 6 0 0 0 0 0 0 0 0
194 5 0 0 0 0 0 0 0 0
196 5 0 0 5 0 0 0 0 0
197 5 0 0 5 0 0 0 0 0
198 5 0 0 5 0 0 0 0 0
199 5 0 0 5 0 0 0 0 0
201 5 0 0 0 0 0 5 1 1
202 5 0 0 0 0 0 5 0 0
203 5 0 0 0 0 0 5 0 0
204 5 0 0 0 0 0 5 1 1
206 5 2 1 0 0 0 0 0 0
207 5 0 0 0 0 0 0 0 0
209 5 0 0 0 0 0 0 0 0
231 6 1 1 0 0 0 0 0 0
237 6 0 0 6 0 0 0 0 0
238 6 0 0 0 0 0 0 0 0
240 2 0 0 2 0 0 0 0 0
fl=/build/glibc-GKVZIf/glibc-2.23/string/../sysdeps/x86_64/multiarch/../memset.S
fn=memset
53 13 1 1 0 0 0 0 0 0
54 13 0 0 0 0 0 0 0 0
55 13 0 0 0 0 0 0 0 0
56 13 0 0 0 0 0 0 0 0
57 13 1 1 0 0 0 0 0 0
59 13 0 0 0 0 0 0 0 0
60 13 0 0 0 0 0 0 0 0
61 11 0 0 0 0 0 0 0 0
62 11 0 0 0 0 0 0 0 0
77 2 1 1 0 0 0 0 0 0
78 2 0 0 0 0 0 2 1 1
79 2 0 0 0 0 0 0 0 0
80 2 0 0 0 0 0 2 2 2
81 2 0 0 0 0 0 2 0 0
82 2 0 0 0 0 0 2 0 0
83 2 0 0 0 0 0 2 1 1
84 2 0 0 0 0 0 2 0 0
85 2 0 0 0 0 0 2 0 0
86 2 0 0 0 0 0 2 0 0
87 2 0 0 0 0 0 0 0 0
88 2 0 0 0 0 0 0 0 0
89 2 0 0 0 0 0 0 0 0
90 4 0 0 0 0 0 0 0 0
93 36 0 0 0 0 0 36 33 33
94 36 0 0 0 0 0 36 0 0
95 36 0 0 0 0 0 36 0 0
96 36 0 0 0 0 0 36 0 0
97 36 0 0 0 0 0 0 0 0
98 36 0 0 0 0 0 0 0 0
99 36 0 0 0 0 0 0 0 0
100 2 0 0 2 0 0 0 0 0
103 11 1 1 0 0 0 0 0 0
104 11 0 0 0 0 0 0 0 0
105 11 0 0 0 0 0 0 0 0
106 4 0 0 0 0 0 0 0 0
107 4 0 0 0 0 0 0 0 0
108 2 0 0 0 0 0 0 0 0
109 2 0 0 0 0 0 0 0 0
112 2 0 0 0 0 0 0 0 0
113 2 0 0 0 0 0 0 0 0
114 2 0 0 0 0 0 2 0 0
115 2 0 0 2 0 0 0 0 0
117 2 0 0 0 0 0 2 0 0
118 2 0 0 0 0 0 2 0 0
119 2 0 0 2 0 0 0 0 0
121 7 0 0 0 0 0 7 1 1
122 7 0 0 0 0 0 7 1 1
123 7 0 0 7 0 0 0 0 0
fl=/build/glibc-GKVZIf/glibc-2.23/string/../sysdeps/x86_64/multiarch/../strchr.S
fn=index
24 7 1 1 0 0 0 0 0 0
25 7 0 0 0 0 0 0 0 0
26 7 0 0 0 0 0 0 0 0
27 7 0 0 0 0 0 0 0 0
28 7 0 0 0 0 0 0 0 0
29 7 0 0 0 0 0 0 0 0
30 7 0 0 0 0 0 0 0 0
31 7 0 0 0 0 0 0 0 0
32 7 0 0 7 2 2 0 0 0
33 7 0 0 0 0 0 0 0 0
34 7 0 0 0 0 0 0 0 0
35 7 1 1 0 0 0 0 0 0
36 7 0 0 0 0 0 0 0 0
37 7 0 0 0 0 0 0 0 0
38 7 0 0 0 0 0 0 0 0
39 7 0 0 0 0 0 0 0 0
40 7 0 0 0 0 0 0 0 0
41 5 0 0 0 0 0 0 0 0
45 5 0 0 0 0 0 0 0 0
46 5 0 0 0 0 0 0 0 0
47 5 0 0 5 0 0 0 0 0
48 5 0 0 0 0 0 0 0 0
50 5 0 0 5 0 0 0 0 0
54 2 0 0 2 1 1 0 0 0
55 2 0 0 0 0 0 0 0 0
56 2 0 0 0 0 0 0 0 0
57 2 0 0 0 0 0 0 0 0
58 2 0 0 0 0 0 0 0 0
59 2 1 1 0 0 0 0 0 0
60 2 0 0 2 0 0 0 0 0
61 2 0 0 0 0 0 0 0 0
62 2 0 0 0 0 0 0 0 0
63 2 0 0 0 0 0 0 0 0
64 2 0 0 0 0 0 0 0 0
65 2 0 0 0 0 0 0 0 0
66 2 0 0 0 0 0 0 0 0
67 2 0 0 2 0 0 0 0 0
68 2 0 0 0 0 0 0 0 0
69 2 0 0 0 0 0 0 0 0
70 2 0 0 0 0 0 0 0 0
71 2 0 0 0 0 0 0 0 0
72 2 0 0 0 0 0 0 0 0
73 2 0 0 0 0 0 0 0 0
74 2 0 0 0 0 0 0 0 0
75 2 1 1 0 0 0 0 0 0
76 2 0 0 0 0 0 0 0 0
77 2 0 0 0 0 0 0 0 0
129 2 1 1 0 0 0 0 0 0
133 2 0 0 0 0 0 0 0 0
134 2 0 0 0 0 0 0 0 0
135 2 0 0 2 0 0 0 0 0
136 2 1 1 0 0 0 0 0 0
138 2 0 0 2 0 0 0 0 0
fl=/build/glibc-GKVZIf/glibc-2.23/string/../sysdeps/x86_64/multiarch/../strcmp.S
fn=strcmp
144 191 1 1 0 0 0 0 0 0
145 191 0 0 0 0 0 0 0 0
147 191 0 0 0 0 0 0 0 0
148 191 0 0 0 0 0 0 0 0
169 191 0 0 0 0 0 0 0 0
170 191 1 1 0 0 0 0 0 0
171 148 0 0 0 0 0 0 0 0
172 148 0 0 0 0 0 0 0 0
173 142 0 0 142 14 10 0 0 0
174 142 0 0 142 8 0 0 0 0
175 142 0 0 142 0 0 0 0 0
176 142 0 0 142 0 0 0 0 0
197 142 0 0 0 0 0 0 0 0
198 142 0 0 0 0 0 0 0 0
199 142 0 0 0 0 0 0 0 0
200 142 0 0 0 0 0 0 0 0
201 142 0 0 0 0 0 0 0 0
202 142 0 0 0 0 0 0 0 0
203 142 0 0 0 0 0 0 0 0
208 5 0 0 0 0 0 0 0 0
209 5 0 0 0 0 0 0 0 0
218 54 2 1 0 0 0 0 0 0
219 54 0 0 0 0 0 0 0 0
220 54 0 0 0 0 0 0 0 0
221 54 0 0 0 0 0 0 0 0
222 54 0 0 0 0 0 0 0 0
223 54 0 0 0 0 0 0 0 0
224 54 0 0 0 0 0 0 0 0
225 54 0 0 0 0 0 0 0 0
226 52 0 0 0 0 0 0 0 0
227 25 0 0 0 0 0 0 0 0
228 25 0 0 0 0 0 0 0 0
229 25 0 0 0 0 0 0 0 0
231 52 0 0 0 0 0 0 0 0
232 52 0 0 0 0 0 0 0 0
233 52 0 0 0 0 0 0 0 0
234 52 0 0 52 3 1 0 0 0
235 52 0 0 0 0 0 0 0 0
236 52 0 0 0 0 0 0 0 0
246 2 1 1 2 0 0 0 0 0
247 2 0 0 0 0 0 0 0 0
248 2 0 0 0 0 0 0 0 0
250 2 0 0 2 0 0 0 0 0
256 2 0 0 0 0 0 0 0 0
257 2 0 0 0 0 0 0 0 0
258 2 0 0 0 0 0 0 0 0
259 2 0 0 0 0 0 0 0 0
260 2 0 0 0 0 0 0 0 0
265 2 0 0 0 0 0 0 0 0
1071 1 1 1 0 0 0 0 0 0
1072 1 0 0 1 0 0 0 0 0
1073 1 0 0 1 0 0 0 0 0
1074 1 0 0 0 0 0 0 0 0
1075 1 0 0 0 0 0 0 0 0
1077 1 0 0 0 0 0 0 0 0
1078 1 0 0 0 0 0 0 0 0
1079 1 1 1 0 0 0 0 0 0
1080 1 0 0 0 0 0 0 0 0
1081 1 0 0 0 0 0 0 0 0
1082 1 0 0 0 0 0 0 0 0
1083 1 0 0 0 0 0 0 0 0
1084 1 0 0 1 0 0 0 0 0
1088 1 0 0 0 0 0 0 0 0
1089 1 0 0 0 0 0 0 0 0
1090 1 0 0 0 0 0 0 0 0
1096 1 0 0 0 0 0 0 0 0
1097 1 0 0 0 0 0 0 0 0
1098 2 0 0 0 0 0 0 0 0
1102 1 1 1 0 0 0 0 0 0
1103 1 0 0 0 0 0 0 0 0
1106 1 0 0 1 0 0 0 0 0
1107 1 0 0 1 0 0 0 0 0
1108 1 0 0 0 0 0 0 0 0
1111 1 0 0 0 0 0 0 0 0
1112 1 0 0 0 0 0 0 0 0
1113 1 0 0 0 0 0 0 0 0
1119 1 0 0 0 0 0 0 0 0
1120 1 0 0 0 0 0 0 0 0
1121 1 0 0 0 0 0 0 0 0
1122 1 0 0 0 0 0 0 0 0
1123 1 0 0 0 0 0 0 0 0
1124 1 1 1 0 0 0 0 0 0
1196 5 2 1 0 0 0 0 0 0
1197 5 0 0 5 1 0 0 0 0
1198 5 0 0 5 0 0 0 0 0
1199 5 0 0 0 0 0 0 0 0
1200 5 0 0 0 0 0 0 0 0
1202 5 0 0 0 0 0 0 0 0
1203 5 0 0 0 0 0 0 0 0
1204 5 2 1 0 0 0 0 0 0
1205 5 0 0 0 0 0 0 0 0
1206 5 0 0 0 0 0 0 0 0
1207 5 0 0 0 0 0 0 0 0
1208 5 0 0 0 0 0 0 0 0
1209 1 0 0 1 0 0 0 0 0
1213 1 0 0 0 0 0 0 0 0
1214 1 0 0 0 0 0 0 0 0
1215 1 0 0 0 0 0 0 0 0
1221 1 0 0 0 0 0 0 0 0
1222 1 0 0 0 0 0 0 0 0
1223 2 0 0 0 0 0 0 0 0
1227 1 1 1 0 0 0 0 0 0
1228 1 0 0 0 0 0 0 0 0
1231 1 0 0 1 0 0 0 0 0
1232 1 0 0 1 1 1 0 0 0
1233 1 0 0 0 0 0 0 0 0
1236 1 0 0 0 0 0 0 0 0
1237 1 0 0 0 0 0 0 0 0
1238 1 0 0 0 0 0 0 0 0
1244 1 0 0 0 0 0 0 0 0
1245 1 0 0 0 0 0 0 0 0
1246 1 0 0 0 0 0 0 0 0
1247 1 0 0 0 0 0 0 0 0
1248 1 0 0 0 0 0 0 0 0
1249 1 1 1 0 0 0 0 0 0
1321 36 1 1 0 0 0 0 0 0
1322 36 0 0 36 1 0 0 0 0
1323 36 0 0 36 3 0 0 0 0
1324 36 0 0 0 0 0 0 0 0
1325 36 0 0 0 0 0 0 0 0
1327 36 0 0 0 0 0 0 0 0
1328 36 0 0 0 0 0 0 0 0
1329 36 1 1 0 0 0 0 0 0
1330 36 0 0 0 0 0 0 0 0
1331 36 0 0 0 0 0 0 0 0
1332 36 0 0 0 0 0 0 0 0
1333 36 0 0 0 0 0 0 0 0
1571 1 1 1 0 0 0 0 0 0
1572 1 0 0 1 0 0 0 0 0
1573 1 0 0 1 0 0 0 0 0
1574 1 0 0 0 0 0 0 0 0
1575 1 0 0 0 0 0 0 0 0
1577 1 0 0 0 0 0 0 0 0
1578 1 0 0 0 0 0 0 0 0
1579 1 1 1 0 0 0 0 0 0
1580 1 0 0 0 0 0 0 0 0
1581 1 0 0 0 0 0 0 0 0
1582 1 0 0 0 0 0 0 0 0
1583 1 0 0 0 0 0 0 0 0
1696 3 1 1 0 0 0 0 0 0
1697 3 0 0 3 1 1 0 0 0
1698 3 0 0 3 1 1 0 0 0
1699 3 0 0 0 0 0 0 0 0
1700 3 0 0 0 0 0 0 0 0
1702 3 0 0 0 0 0 0 0 0
1703 3 0 0 0 0 0 0 0 0
1704 3 1 1 0 0 0 0 0 0
1705 3 0 0 0 0 0 0 0 0
1706 3 0 0 0 0 0 0 0 0
1707 3 0 0 0 0 0 0 0 0
1708 3 0 0 0 0 0 0 0 0
1709 2 0 0 2 0 0 0 0 0
1713 2 0 0 0 0 0 0 0 0
1714 2 0 0 0 0 0 0 0 0
1715 2 0 0 0 0 0 0 0 0
1721 2 0 0 0 0 0 0 0 0
1722 2 0 0 0 0 0 0 0 0
1723 4 0 0 0 0 0 0 0 0
1727 2 1 1 0 0 0 0 0 0
1728 2 0 0 0 0 0 0 0 0
1731 2 0 0 2 1 1 0 0 0
1732 2 0 0 2 1 1 0 0 0
1733 2 0 0 0 0 0 0 0 0
1736 2 0 0 0 0 0 0 0 0
1737 2 0 0 0 0 0 0 0 0
1738 2 0 0 0 0 0 0 0 0
1744 2 0 0 0 0 0 0 0 0
1745 2 0 0 0 0 0 0 0 0
1746 2 0 0 0 0 0 0 0 0
1747 2 0 0 0 0 0 0 0 0
1748 2 0 0 0 0 0 0 0 0
1749 2 1 1 0 0 0 0 0 0
1821 3 1 1 0 0 0 0 0 0
1822 3 0 0 3 0 0 0 0 0
1823 3 0 0 3 1 0 0 0 0
1824 3 0 0 0 0 0 0 0 0
1825 3 0 0 0 0 0 0 0 0
1827 3 0 0 0 0 0 0 0 0
1828 3 0 0 0 0 0 0 0 0
1829 3 1 1 0 0 0 0 0 0
1830 3 0 0 0 0 0 0 0 0
1831 3 0 0 0 0 0 0 0 0
1832 3 0 0 0 0 0 0 0 0
1833 3 0 0 0 0 0 0 0 0
1834 3 0 0 3 0 0 0 0 0
1838 3 0 0 0 0 0 0 0 0
1839 3 0 0 0 0 0 0 0 0
1840 3 0 0 0 0 0 0 0 0
1846 3 0 0 0 0 0 0 0 0
1847 3 0 0 0 0 0 0 0 0
1848 6 0 0 0 0 0 0 0 0
1852 3 1 1 0 0 0 0 0 0
1853 3 0 0 0 0 0 0 0 0
1856 3 0 0 3 0 0 0 0 0
1857 3 0 0 3 1 1 0 0 0
1858 3 0 0 0 0 0 0 0 0
1861 3 0 0 0 0 0 0 0 0
1862 3 0 0 0 0 0 0 0 0
1863 3 0 0 0 0 0 0 0 0
1869 3 0 0 0 0 0 0 0 0
1870 3 0 0 0 0 0 0 0 0
1871 3 0 0 0 0 0 0 0 0
1872 3 0 0 0 0 0 0 0 0
1873 3 0 0 0 0 0 0 0 0
1874 3 1 1 0 0 0 0 0 0
1946 1 1 1 0 0 0 0 0 0
1947 1 0 0 1 0 0 0 0 0
1948 1 0 0 1 0 0 0 0 0
1949 1 0 0 0 0 0 0 0 0
1950 1 0 0 0 0 0 0 0 0
1952 1 0 0 0 0 0 0 0 0
1953 1 0 0 0 0 0 0 0 0
1954 1 1 1 0 0 0 0 0 0
1955 1 0 0 0 0 0 0 0 0
1956 1 0 0 0 0 0 0 0 0
1957 1 0 0 0 0 0 0 0 0
1958 1 0 0 0 0 0 0 0 0
1959 1 0 0 1 0 0 0 0 0
1963 1 0 0 0 0 0 0 0 0
1964 1 0 0 0 0 0 0 0 0
1965 1 0 0 0 0 0 0 0 0
1971 1 0 0 0 0 0 0 0 0
1972 1 0 0 0 0 0 0 0 0
1973 2 0 0 0 0 0 0 0 0
1977 1 1 1 0 0 0 0 0 0
1978 1 0 0 0 0 0 0 0 0
1981 1 0 0 1 0 0 0 0 0
1982 1 0 0 1 1 1 0 0 0
1983 1 0 0 0 0 0 0 0 0
1986 1 0 0 0 0 0 0 0 0
1987 1 0 0 0 0 0 0 0 0
1988 1 0 0 0 0 0 0 0 0
1994 1 0 0 0 0 0 0 0 0
1995 1 0 0 0 0 0 0 0 0
1996 1 0 0 0 0 0 0 0 0
1997 1 0 0 0 0 0 0 0 0
1998 1 0 0 0 0 0 0 0 0
1999 1 1 1 0 0 0 0 0 0
2071 2 1 1 0 0 0 0 0 0
2072 2 0 0 2 2 1 0 0 0
2073 2 0 0 2 2 1 0 0 0
2074 2 0 0 0 0 0 0 0 0
2075 2 0 0 0 0 0 0 0 0
2077 2 0 0 0 0 0 0 0 0
2078 2 0 0 0 0 0 0 0 0
2079 2 1 1 0 0 0 0 0 0
2080 2 0 0 0 0 0 0 0 0
2081 2 0 0 0 0 0 0 0 0
2082 2 0 0 0 0 0 0 0 0
2083 2 0 0 0 0 0 0 0 0
2200 8 0 0 0 0 0 0 0 0
2202 54 1 1 0 0 0 0 0 0
2203 54 0 0 0 0 0 0 0 0
2204 54 0 0 0 0 0 0 0 0
2205 54 0 0 0 0 0 0 0 0
2206 75 0 0 0 0 0 0 0 0
2211 191 1 1 0 0 0 0 0 0
2217 191 0 0 191 0 0 0 0 0
2218 191 0 0 191 0 0 0 0 0
2226 191 0 0 0 0 0 0 0 0
2227 191 0 0 191 0 0 0 0 0
fl=/build/glibc-GKVZIf/glibc-2.23/string/../sysdeps/x86_64/multiarch/strcmp.S
fn=strcasecmp
109 1 1 1 1 0 0 0 0 0
110 1 0 0 0 0 0 0 0 0
111 1 0 0 1 1 0 0 0 0
112 1 0 0 0 0 0 0 0 0
113 1 0 0 1 0 0 0 0 0
114 1 0 0 0 0 0 0 0 0
115 1 0 0 0 0 0 0 0 0
116 1 1 1 1 1 0 0 0 0
117 1 0 0 0 0 0 0 0 0
122 1 0 0 1 0 0 0 0 0
fn=strncasecmp
129 1 1 1 1 0 0 0 0 0
130 1 0 0 0 0 0 0 0 0
131 1 0 0 1 0 0 0 0 0
132 1 0 0 0 0 0 0 0 0
133 1 0 0 1 0 0 0 0 0
134 1 0 0 0 0 0 0 0 0
135 1 0 0 0 0 0 0 0 0
136 1 0 0 1 0 0 0 0 0
137 1 0 0 0 0 0 0 0 0
142 1 1 1 1 0 0 0 0 0
fl=/build/glibc-GKVZIf/glibc-2.23/string/../sysdeps/x86_64/multiarch/strcspn.S
fn=strcspn
45 1 1 1 1 0 0 0 0 0
46 1 0 0 0 0 0 0 0 0
47 1 0 0 1 0 0 0 0 0
48 1 0 0 0 0 0 0 0 0
49 1 0 0 0 0 0 0 0 0
50 1 0 0 1 0 0 0 0 0
fn=strpbrk
45 1 1 1 1 0 0 0 0 0
46 1 0 0 0 0 0 0 0 0
47 1 0 0 1 0 0 0 0 0
48 1 0 0 0 0 0 0 0 0
49 1 0 0 0 0 0 0 0 0
50 1 0 0 1 0 0 0 0 0
fl=/build/glibc-GKVZIf/glibc-2.23/string/../sysdeps/x86_64/multiarch/strspn.S
fn=strspn
30 1 1 1 1 0 0 0 0 0
31 1 0 0 0 0 0 0 0 0
32 1 0 0 1 0 0 0 0 0
33 1 0 0 0 0 0 0 0 0
34 1 0 0 0 0 0 0 0 0
35 1 0 0 1 0 0 0 0 0
fl=/build/glibc-GKVZIf/glibc-2.23/string/../sysdeps/x86_64/strchr.S
fn=strchrnul
24 4 1 1 0 0 0 0 0 0
25 4 0 0 0 0 0 0 0 0
26 4 0 0 0 0 0 0 0 0
27 4 0 0 0 0 0 0 0 0
28 4 3 1 0 0 0 0 0 0
29 4 0 0 0 0 0 0 0 0
30 4 0 0 0 0 0 0 0 0
31 4 0 0 0 0 0 0 0 0
32 4 0 0 4 1 1 0 0 0
33 4 0 0 0 0 0 0 0 0
34 4 0 0 0 0 0 0 0 0
35 4 0 0 0 0 0 0 0 0
36 4 0 0 0 0 0 0 0 0
37 4 0 0 0 0 0 0 0 0
38 4 0 0 0 0 0 0 0 0
39 4 0 0 0 0 0 0 0 0
40 4 0 0 0 0 0 0 0 0
41 1 0 0 0 0 0 0 0 0
43 1 0 0 0 0 0 0 0 0
50 1 0 0 1 0 0 0 0 0
54 3 3 1 3 1 1 0 0 0
55 3 0 0 0 0 0 0 0 0
56 3 0 0 0 0 0 0 0 0
57 3 0 0 0 0 0 0 0 0
58 3 0 0 0 0 0 0 0 0
59 3 0 0 0 0 0 0 0 0
60 3 0 0 3 1 1 0 0 0
61 3 0 0 0 0 0 0 0 0
62 3 0 0 0 0 0 0 0 0
63 3 0 0 0 0 0 0 0 0
64 3 0 0 0 0 0 0 0 0
65 3 0 0 0 0 0 0 0 0
66 3 0 0 0 0 0 0 0 0
67 3 0 0 3 0 0 0 0 0
68 3 0 0 0 0 0 0 0 0
69 3 1 1 0 0 0 0 0 0
70 3 0 0 0 0 0 0 0 0
71 3 0 0 0 0 0 0 0 0
72 3 0 0 0 0 0 0 0 0
73 3 0 0 0 0 0 0 0 0
74 3 0 0 0 0 0 0 0 0
75 3 0 0 0 0 0 0 0 0
76 3 0 0 0 0 0 0 0 0
77 3 0 0 0 0 0 0 0 0
129 3 1 1 0 0 0 0 0 0
131 3 0 0 0 0 0 0 0 0
138 3 0 0 3 0 0 0 0 0
fl=/build/glibc-GKVZIf/glibc-2.23/string/../sysdeps/x86_64/strlen.S
fn=strlen
66 16 2 2 0 0 0 0 0 0
67 16 0 0 0 0 0 0 0 0
68 16 0 0 0 0 0 0 0 0
69 16 0 0 0 0 0 0 0 0
70 16 1 1 0 0 0 0 0 0
71 16 0 0 0 0 0 0 0 0
72 16 0 0 0 0 0 0 0 0
74 16 0 0 0 0 0 0 0 0
76 16 0 0 0 0 0 0 0 0
106 15 0 0 15 2 2 0 0 0
107 15 0 0 0 0 0 0 0 0
108 15 0 0 0 0 0 0 0 0
109 15 0 0 0 0 0 0 0 0
110 15 0 0 0 0 0 0 0 0
111 8 0 0 0 0 0 0 0 0
112 8 0 0 8 0 0 0 0 0
116 7 0 0 0 0 0 0 0 0
117 7 1 1 7 0 0 0 0 0
118 7 0 0 7 0 0 0 0 0
119 7 0 0 7 0 0 0 0 0
120 7 0 0 0 0 0 0 0 0
121 7 0 0 0 0 0 0 0 0
122 7 0 0 0 0 0 0 0 0
123 7 0 0 0 0 0 0 0 0
124 7 0 0 0 0 0 0 0 0
125 7 0 0 0 0 0 0 0 0
126 7 0 0 0 0 0 0 0 0
127 7 0 0 0 0 0 0 0 0
132 56 0 0 7 0 0 0 0 0
136 1 1 1 0 0 0 0 0 0
137 14 1 1 4 0 0 0 0 0
138 8 0 0 1 0 0 0 0 0
fl=/build/glibc-GKVZIf/glibc-2.23/string/../sysdeps/x86_64/strrchr.S
fn=rindex
24 1 1 1 0 0 0 0 0 0
25 1 0 0 0 0 0 0 0 0
26 1 0 0 0 0 0 0 0 0
27 1 0 0 0 0 0 0 0 0
28 1 0 0 0 0 0 0 0 0
29 1 0 0 0 0 0 0 0 0
30 1 0 0 0 0 0 0 0 0
31 1 0 0 0 0 0 0 0 0
32 1 0 0 1 1 0 0 0 0
33 1 0 0 0 0 0 0 0 0
34 1 1 1 0 0 0 0 0 0
35 1 0 0 0 0 0 0 0 0
36 1 0 0 0 0 0 0 0 0
37 1 0 0 0 0 0 0 0 0
38 1 0 0 0 0 0 0 0 0
39 1 0 0 0 0 0 0 0 0
40 1 0 0 0 0 0 0 0 0
41 1 0 0 0 0 0 0 0 0
42 1 0 0 0 0 0 0 0 0
43 1 0 0 0 0 0 0 0 0
44 1 0 0 0 0 0 0 0 0
45 1 0 0 0 0 0 0 0 0
46 1 0 0 0 0 0 0 0 0
47 1 0 0 1 0 0 0 0 0
fl=/build/glibc-GKVZIf/glibc-2.23/string/strdup.c
fn=strdup
40 12 0 0 0 0 0 6 0 0
41 6 1 1 0 0 0 3 0 0
42 6 0 0 0 0 0 3 0 0
44 6 0 0 0 0 0 0 0 0
47 12 0 0 0 0 0 0 0 0
48 9 0 0 6 0 0 0 0 0
fl=/build/glibc-GKVZIf/glibc-2.23/time/../sysdeps/generic/dl-hash.h
fn=gettimeofday
45 12 1 1 4 0 0 0 0 0
48 12 0 0 0 0 0 0 0 0
62 16 0 0 0 0 0 0 0 0
fn=time
45 12 0 0 4 1 1 0 0 0
48 12 1 1 0 0 0 0 0 0
62 16 0 0 0 0 0 0 0 0
fl=/build/glibc-GKVZIf/glibc-2.23/time/../sysdeps/unix/sysv/linux/clock.c
fn=clock
25 2 1 1 0 0 0 0 0 0
34 12 0 0 0 0 0 2 0 0
37 18 1 1 4 0 0 0 0 0
39 6 0 0 2 0 0 0 0 0
fl=/build/glibc-GKVZIf/glibc-2.23/time/../sysdeps/unix/sysv/linux/x86/gettimeofday.c
fn=gettimeofday
36 1 0 0 0 0 0 0 0 0
37 11 2 2 0 0 0 4 0 0
40 3 0 0 0 0 0 1 0 0
41 3 0 0 0 0 0 0 0 0
42 2 0 0 1 0 0 0 0 0
fl=/build/glibc-GKVZIf/glibc-2.23/time/../sysdeps/unix/sysv/linux/x86/time.c
fn=time
37 1 0 0 0 0 0 0 0 0
38 11 2 2 0 0 0 4 0 0
41 3 0 0 0 0 0 1 0 0
42 3 0 0 0 0 0 0 0 0
43 2 0 0 1 0 0 0 0 0
fl=???
fn=???
0 20200 23 16 20106 6 0 28 2 1
fn=__libc_csu_init
0 34 3 3 8 1 0 8 0 0
fn=_dl_debug_initialize
0 4 0 0 3 0 0 0 0 0
fn=_start
0 11 2 2 1 0 0 3 0 0
fn=main
0 23 1 1 4 1 1 7 0 0
fn=memcpy@GLIBC_2.2.5
0 18 2 2 4 0 0 0 0 0
fn=multiplicacion_matrices
0 46692968 28 28 19181543 4748 624 1050351 1250 1202
summary: 47818213 1204 1164 19543799 7150 2592 1183360 1838 1723
